137686 222138 60758 68930 25189 61378 18443 15406
121499 43824 18879 18755 22600 25443 14550 7253
98046 12503 5038 5422 22753 23932 22036 9964
75624 20052 9896 6026 12461 68218 21634 12595
248821 18399 1909 5264 5132 5810 5769 4040
646026 219468 32709 4575 28167 45931 16044 10467
24496 22336 27881 11738 15602 34250 5907 8436
291767 98402 35735 37822 40634 26646 12329 10899
11889 17504 6783 12072 5741 15370 5327 8330
59457 12194 1910 25876 14637 20326 5706 13857
66068 25906 3614 8690 2813 4094 2042 1142
5788 27282 6121 8005 4588 23571 6179 7107
14392 2956 5568 38361 8538 4438 9666 11440
6597 36939 4023 12341 18912 42002 7378 8017
16072 6892 5503 12204 7018 15074 4890 5466
29435 17387 4353 14448 5422 10195 2538 7453
15557 3273 6086 8866 5669 19322 7412 4624
23598 20153 7271 8362 4015 12828 11882 2323
43239 14640 7270 5464 3005 16003 5544 4207
