33206 44481 11303 31657 5962 18239 20066 16165
4492 28515 1051 13318 8851 15586 6820 9030
9484 11502 2071 1305 11939 23799 12368 11466
6109 18936 8278 16669 4200 14181 19096 7866
4354 20416 2691 6203 3750 23316 9399 10074
8589 44671 4699 11413 4108 8190 3383 9076
12097 16046 5086 4771 6695 16507 5441 3430
14165 4745 3244 9887 9486 9886 4811 3635
8508 43003 23686 15180 5991 7073 4022 5653
70339 24161 2689 27397 5009 11185 3601 4732
6954 12351 5744 7150 19024 23849 3898 6687
10686 16699 1338 8350 6391 12483 6292 3909
35813 14561 10598 6401 16761 6553 3756 2175
14616 16204 3310 23072 6213 9190 2070 3144
22515 13214 8338 23595 4619 6793 4630 3154
37963 14465 4115 16517 5817 3173 5407 2375
66309 23530 9964 5501 3598 6729 2711 2823
53934 8992 8667 4726 6076 6769 2175 4092
16458 9140 3905 513 2797 1319 686 578
90190 5465 4296 5790 5217 1503 805 638
