152973 21736 13233 15072 21691 43411 29732 39289
620819 97395 22504 34661 24802 30430 48852 15091
739230 115735 49516 8485 35861 38780 15577 29749
59707 18298 1656 2671 4434 12590 10059 3562
15900 8513 1008 18547 9759 28635 9639 10047
10753 13050 7718 1714 10431 31026 10284 9487
8701 14030 4646 27437 3861 39942 8083 12770
15714 12521 18111 31840 19104 28274 24739 19597
9270 5147 14124 7599 7444 57467 17928 9433
14779 24563 2901 4923 9264 26477 31856 10266
62459 16809 1918 753 916 4636 4518 2230
80397 59896 17709 12220 14863 44068 13314 9722
49522 36083 7537 857 8466 40733 27347 19713
10351 10544 10230 7655 14843 56063 21334 9978
204653 37746 4667 32457 14993 23556 23513 14665
170758 14326 8257 13059 5929 20243 11632 8903
9594 6018 2565 10562 19372 34824 15466 19224
10998 23681 35753 29162 5764 60370 10557 22531
2693 12728 14446 16923 24194 25290 24021 16197
9662 23407 6824 7515 20678 43222 14982 12178
