24057 16835 18912 9218 14086 32680 5626 9760
9694 15254 4999 4594 8754 22382 8475 7473
27686 34150 3596 10731 2789 15008 12827 6494
25773 5198 8401 7369 7185 11797 6399 7292
39637 7608 2777 14511 6963 15157 7182 6288
18657 4485 1158 7298 10937 3892 2651 2116
27439 20075 8750 12114 24317 13850 5463 8382
11894 66081 13815 18381 6118 18086 9346 3779
11732 26287 1813 2462 3576 9237 5205 6464
10450 26809 3579 5206 16986 7161 12031 4967
1843 5449 3010 24519 6651 20952 3255 2619
30507 10837 12596 2736 5921 10432 2758 10451
16977 27567 9535 3258 10183 11914 13651 5635
10724 7793 6709 16501 5676 44739 7946 3797
35472 27861 20812 3967 11658 14838 8680 4119
73283 22557 4799 7871 5524 20614 4624 3324
54500 15078 17753 10444 14807 17110 4011 3071
32277 5242 3334 12265 6336 8680 3718 9614
12376 7410 9780 2184 4854 11467 7924 7932
33035 9524 15227 29104 7343 13621 7781 5899
