23072 18411 13385 16872 10119 31880 21692 15842
9394 10289 14383 19015 7650 29751 4039 19775
120598 15355 24747 19351 20663 21780 15720 8863
56768 27542 2273 2147 9736 23341 10736 5976
42270 13829 7502 10151 2968 15808 8288 16563
25472 13170 1320 2634 8407 31553 6297 9779
16679 9327 1688 5636 4038 10377 6625 9561
21016 5972 6544 2204 2940 10432 17968 15524
8604 15450 7129 7983 5384 18892 6324 6369
28924 10217 8752 6156 12794 22124 8426 7712
43659 5857 5769 4536 24494 19129 34410 11893
8117 24095 9967 19521 9577 8448 22464 10979
14579 10721 6802 12728 7248 21189 8624 15372
8594 24300 14033 13085 9145 17133 12028 7793
56178 14600 1071 2025 13241 16055 10293 4415
51835 21740 6885 9065 3534 23837 10419 11784
36774 9993 8008 13363 5527 23676 12232 10912
13953 11638 6833 37432 3509 12536 13967 3979
23369 12683 3544 13776 14114 19781 3800 4518
8141 14470 1098 14169 6326 26890 7942 9677
