275507 16017 28874 20919 9285 12166 9090 11245
134316 27685 11306 12522 15969 18863 9981 7042
33866 16302 2870 22785 26946 12680 11944 8835
20457 12184 1440 3456 7099 30291 3928 4352
11253 15862 1081 12604 16375 15886 11485 9819
260225 11080 2280 5434 3328 3413 1522 1531
45881 55799 9346 13066 12737 23993 5434 6335
37414 21502 15307 18084 10988 25339 10720 6060
8901 12242 12197 6175 12053 37545 16314 11520
19434 12079 3804 12428 6568 25264 4897 5785
14864 2993 932 1930 853 2325 2819 2546
8108 6932 4937 4049 7034 14937 6561 8310
69985 41504 24160 4908 5198 21452 14403 8257
11705 20250 20801 7325 5880 14524 6346 10105
73948 56991 18060 6711 26125 11727 4728 3764
63865 14872 2988 9634 13719 17241 4496 8623
61200 4823 3456 6966 7246 24810 3606 3533
49040 19816 8914 13951 9291 5936 9358 10327
38648 28651 22560 2853 9418 17573 7418 11169
26324 5894 985 1765 2943 8052 1452 1199
