12081 14255 9066 6797 4657 34468 10578 26734
11867 28414 8668 8367 4424 19707 7933 5506
35968 24181 683 12811 3634 21296 10847 6621
14120 6619 4055 18794 12999 18418 9203 20016
22528 21198 6996 26279 12323 9539 10312 9073
13250 6323 6910 11111 5880 16048 6303 20216
4196 12376 17600 13677 28794 27757 8462 11623
11695 9330 3840 9026 8765 10316 15784 13701
9597 4494 1790 8531 3464 15705 12531 6614
19284 31894 8161 8806 8689 16931 14415 11405
3555 17711 13976 13367 5051 30165 7190 22044
80043 17573 15815 4033 2704 20264 15378 10228
23372 17943 19696 16649 7426 16412 14648 8161
9125 62395 5616 1892 11887 26662 8444 4948
14055 16278 2373 12488 6501 28758 17524 3021
4033 43355 3151 15173 13173 23901 26481 4516
18727 35227 11351 6582 9884 24599 14636 8008
268834 9246 9569 7034 5238 4235 5783 1030
66080 41810 7104 6914 7634 9712 12866 3669
18848 14922 8075 9248 5989 9101 20652 5250
