71785 19849 902 23077 6662 17445 22208 15177
10045 5176 6351 6546 4002 3020 4165 4028
88156 8970 1495 6632 4956 2154 3608 2235
40327 6665 7960 13274 11601 21662 11026 6250
34849 14907 3612 30459 8256 9212 15900 8191
8332 10391 10924 8066 13389 25543 17333 16098
35772 22746 739 19553 22131 24325 24824 12393
1373220 221681 2590 5501 10774 28077 6714 9284
25845 8098 4175 50259 9756 18979 9011 8600
33053 24642 927 75597 11152 12748 4348 9586
27000 17027 25780 11302 10410 35175 8283 5082
23737 23606 5872 7093 4699 24524 6555 14844
19910 4658 154 2006 1857 9764 5495 1234
46466 15957 9437 15424 3083 36188 10071 14118
11307 10933 6669 8794 9452 11686 7167 5691
51983 11148 11691 12989 3287 16163 7603 10360
19925 7063 6361 35752 9279 11315 8247 11209
237663 6178 1024 951 3033 2233 1189 2596
109762 7050 20474 18178 14598 8345 2967 5253
12280 17846 11289 19552 9366 21330 5548 9288
