11904 17981 11187 7587 14595 19848 14532 10998
148751 59840 25039 7648 13810 19402 16430 5870
684424 23170 18935 12778 20579 24398 11728 14818
64186 16638 2628 7666 6634 22240 9729 12224
14397 15723 4006 9689 16417 46900 10049 11386
22167 32765 26922 9120 24866 38342 15734 8663
29427 8788 14632 22999 16702 33772 16591 12916
157109 19240 3334 21309 12859 35467 22807 9191
107086 4207 10936 13759 18323 27500 14032 4520
667024 49019 15378 2378 13241 26929 8494 18469
647363 33508 4221 9665 6217 26719 17100 11988
61501 23232 521 6675 4084 2828 4504 4195
208516 141341 11903 18862 7217 17112 8694 7793
38182 16115 7592 13019 13781 13551 6204 10150
20889 21239 2949 31221 8985 30303 7458 8923
29080 14112 4879 32770 11759 19726 4024 7261
8174 12087 5253 70547 19101 33712 8049 11457
10030 7940 2791 28706 18839 17367 10436 9287
32595 41812 4404 6516 4923 26295 8173 13863
15239 7863 19538 37017 6673 17238 10734 6300
