21004 15282 6111 8808 17462 18964 22776 12698
16197 35991 5968 28681 9193 35196 16920 7783
157298 60560 8018 19175 3639 21289 8066 15982
3258 23089 10996 35784 18648 44913 8816 18445
2287 25184 28557 8152 12538 32690 15688 34973
30774 88225 14807 35523 8219 29193 9610 24123
105237 7498 1014 620 2514 4328 3667 4363
9144 24000 1795 5148 13544 32044 11761 8580
9854 36196 3844 27044 2754 19517 6309 9492
28327 24400 9512 22008 10376 16172 11218 7847
18180 31486 1366 27354 8930 10033 15173 8425
97183 21418 5567 15546 4645 48203 15548 9828
14791 13787 16358 3999 9914 19897 3114 4821
18210 23921 2370 19881 2071 19519 8345 7617
15351 8631 3954 18951 3803 19775 4670 8386
33556 30238 18383 4704 8088 14864 3862 6596
21511 14888 32842 58525 8335 21856 6273 18547
17139 17691 5742 17021 22018 30970 4501 9161
65804 33822 19911 38854 7316 17600 11996 4467
46776 9178 22678 15619 10094 23696 7555 9829
