20757 26147 11532 20743 14351 42616 12397 11694
80474 36334 21476 5539 8477 20590 14342 15743
54304 106691 6812 24355 9460 23632 45408 9768
14722 13523 12269 16067 8124 13857 15319 12618
16258 28246 4699 5980 10053 15558 5511 17022
8071 9410 5767 14040 4190 23046 12075 3183
9582 5780 6514 4780 12651 8732 5759 6774
8289 26346 3983 30067 6219 13485 8399 9233
20280 6521 8717 14471 6641 13875 13903 12954
17903 9248 2880 29319 11711 27185 14053 6960
222479 28490 29513 13529 13902 35018 20040 13765
494159 75273 6074 18187 17485 55350 10490 4615
14737 11436 7474 28694 4599 19463 10099 14606
10342 13023 5124 23760 8250 14577 5045 5519
31912 13887 5000 5987 13623 15536 5638 8853
7654 20256 3571 12270 5066 16786 8148 6610
45838 12022 10044 44534 4030 24174 6884 6729
29614 14197 3079 37273 13255 24314 5221 4918
15197 12393 9291 12869 19151 17978 5471 9586
35769 10997 21132 5105 14511 12204 6503 1734
