33735 9930 2606 10336 3645 3311 1708 1824
106899 30676 1861 9053 13375 11483 5130 9708
55156 28229 5143 7012 11475 9453 13500 18083
13365 11489 11513 31883 13769 37745 8023 8621
9448 8940 5538 35721 12432 22626 5437 6779
18223 22909 1080 10920 4113 15885 6492 11370
77836 26961 2271 16203 9051 14813 3276 3339
41190 6563 8551 23784 9701 14131 3992 5571
22318 36286 7824 9756 8697 12257 4393 4145
34105 23676 3126 20607 5804 29298 3921 5705
13909 11164 11086 63693 13915 13940 8435 5735
5514 19751 3888 27361 9110 12475 9179 3314
15286 12641 4008 12518 3598 7863 4025 5748
19840 29997 1384 17678 5053 10263 6008 4102
24590 28958 4182 38846 18549 16302 4551 4158
22004 10792 2192 13784 4777 12209 5090 3842
5624 34593 15444 13393 2289 10011 2997 5285
21705 19149 4395 2271 5856 10017 4865 6639
8819 20393 275 11841 11717 13517 2980 7135
33993 5801 5039 33578 4757 7560 3287 3884
