57570 16106 5259 3297 3804 4257 1458 2661
2137447 68364 15602 13079 10484 17987 21708 11112
92126 16392 6181 4056 8233 3736 4317 1424
2827 15634 12991 15507 23079 17413 7992 16521
18044 27783 21807 31163 9926 22318 6735 6582
3133 23086 4055 7470 10106 10469 6453 11194
23024 12317 1961 12153 6048 4848 5144 9229
13910 25654 7575 22555 4590 8878 10645 6650
43144 7201 4861 20915 6701 33102 8785 4135
22012 14206 1437 8277 8208 18848 7506 8953
35456 4662 8112 21273 11573 12361 4374 13300
26477 7892 6101 10975 6161 15381 6173 5466
112001 45252 4425 19734 6271 26142 9748 6088
16066 2843 2911 1094 1778 4172 1196 1385
6638 22044 14703 4856 5598 19422 4418 5330
10082 33788 16400 16243 7211 4323 8408 2174
33651 75905 4787 31747 10903 16070 5225 3699
13773 12868 3815 13941 15835 6420 2891 4151
153508 63757 11393 30892 9558 8478 2234 3105
6184 6098 680 6580 2609 1785 1179 1018
