14903 5724 4427 4163 43391 10340 11956 19038
196470 65567 51717 38699 8218 34129 13921 16188
8445 7439 9996 28696 18803 12857 12980 20190
8249 20528 17776 4555 26007 20461 12621 8415
22463 9044 12357 6530 47988 19921 7752 15910
16371 8313 10131 34231 7452 20343 7870 15440
34239 20695 6477 20671 8466 5336 2836 9760
45584 14315 3713 11964 15754 14550 6798 13393
7534 2575 2513 7768 2045 4103 1780 847
6658 20531 6153 62158 11241 10465 13361 4292
62605 63354 13655 4507 9665 22043 4861 6572
110184 21310 7409 14724 13522 9315 9377 5741
104445 9403 5202 2222 2420 4169 1381 1274
57150 40532 3140 19231 2598 8725 3654 3876
15534 9809 22392 16626 31037 15234 5106 3949
92238 10533 2002 2475 5330 11010 10153 2153
147498 101435 8906 3885 19448 7291 5167 8446
27375 33047 15406 12747 6342 16444 3446 3810
5346 40669 4249 5969 20158 11158 3590 6801
18148 8881 3179 10202 4809 3878 3337 4504
