168508 30621 4431 2293 8382 19014 13104 10673
10648 12663 776 7298 3029 5794 2712 2893
24838 12706 14566 7121 9073 31558 18085 8938
14030 15127 2766 8226 8443 27573 8611 7245
68793 7711 1143 1995 2022 4065 3728 4477
32985 15548 1872 6966 3393 7906 3051 2025
108132 13881 5264 15396 14294 12789 12281 8925
21964 36408 11751 7997 27682 14095 6615 8976
48716 12199 834 17555 4311 28067 5399 5663
18365 19778 1829 11407 14620 7460 6199 8781
104252 50725 6654 42983 11420 9683 14406 5311
54211 22937 6618 3575 6277 25067 11525 5064
15712 15562 22098 9028 13420 12675 3709 3864
19758 29871 20036 1159 9380 23235 8019 6018
43212 22795 5472 14802 11283 16130 8483 6869
10285 12933 5632 7163 6160 8873 5933 5771
7089 30567 1284 10685 14057 13386 3630 5433
2294 9771 7391 3108 4845 14686 12272 2308
22204 19584 7038 19797 9366 11497 5697 2890
9430 12234 16166 16614 4716 7633 2907 5553
