45868 29768 3225 8847 5450 31147 6645 6390
11417 10144 11232 14137 22446 14227 6009 17449
32731 23510 5726 5561 13840 15310 3027 9569
11777 8174 3777 3352 8176 12419 6699 4544
27261 21300 16483 5154 13542 19302 7634 4257
14597 22874 18574 25824 19638 12628 12607 17850
15207 8701 22925 14994 5042 8424 8432 4152
9018 8486 9223 1004 6209 16224 3670 8418
5054 4445 3159 12544 13727 15517 5365 9562
39360 18944 11517 6190 8137 7385 3499 4781
4872 5166 3416 3931 3407 2049 533 762
165478 35704 3524 6739 7488 16144 13305 4553
82901 31541 7845 4871 6651 24081 11213 6026
26636 26354 5940 6118 9124 9131 19240 3579
15374 10160 1297 4151 7403 17606 5365 6651
24769 7823 4941 5707 2575 10996 2035 4412
8784 13928 14419 6772 32509 9141 2658 6360
68121 6442 2788 6975 6790 6148 2361 3198
33800 21468 4496 13097 7908 4754 3923 2413
25913 32665 961 3457 7598 10046 4838 4599
