55099 22728 3565 3832 14541 27256 25628 12181
10336 17437 2601 22421 13589 29385 11268 16388
49448 65567 10567 12532 11840 23378 7832 8867
20082 24577 1746 1206 20465 27605 15291 9012
17581 57651 2299 7645 10165 36207 16408 20046
16446 8720 1396 9723 9743 31232 10376 13218
19738 5195 3573 23783 19599 21792 26003 20766
676460 29312 5809 9709 11792 20581 16425 11384
20293 12496 10855 6213 12768 31820 32302 16327
54306 30112 7118 8848 2478 7269 5214 4127
651843 88913 1801 19180 9673 40862 10681 17468
3053 2937 9063 15134 19729 17882 5541 10849
7838 9765 10872 16394 5515 33864 15861 9200
9163 26725 1945 4856 13033 17661 7194 8516
13435 16135 3729 7916 4151 37471 15263 5240
1462 35432 18841 9170 11945 72741 5093 10887
7340 11872 17589 5324 23479 29194 22562 29528
3935 36643 5117 10442 17932 40575 7222 5326
13284 5000 4987 21638 19539 18085 22442 5806
12553 15193 13497 3123 11235 14784 37025 9829
