50359 44336 19247 13922 21351 33578 11166 8076
1082560 59473 17717 26613 17974 17343 17393 14801
5350 3811 353 2947 5222 3813 7821 1786
16465 20279 12078 1944 33128 22152 9463 14058
16291 3923 1149 6451 23727 10411 9045 5536
12132 11036 5867 4485 11611 14523 4617 5591
15359 16042 3947 13545 7533 12266 8531 10511
42920 6069 3406 2370 6320 18165 5918 12117
135299 6845 1015 2153 2117 3536 1167 1396
26393 13325 12424 12389 14291 15660 11398 6146
5771 4826 5636 2068 2256 5882 1224 1945
126421 11150 5353 5300 1129 3067 2720 2361
12360 3150 4544 870 4072 2374 3459 1457
13612 17906 24433 10566 9636 7553 2964 5324
34760 9231 5638 9945 13716 16098 4718 3750
40027 5750 7306 5661 19435 7047 6642 7756
29248 15317 19533 3162 21444 14841 4802 3609
8323 14871 6315 9043 12534 19380 6782 2364
7330 42457 3200 15504 2474 11598 3584 5590
6587 38517 6157 14046 8138 12918 3829 3035
