450533 25297 1059 5244 14422 27331 18671 8315
18169 32291 26393 14545 16266 12620 18335 18953
10066 8527 3074 5993 27614 22922 8805 8214
11163 15595 8840 15228 9227 19234 8519 9632
61717 9306 4759 9300 11559 24127 13606 12779
72585 36914 9351 11535 8297 19344 13758 6857
20613 9497 22875 16381 17870 26463 17803 7894
21959 16251 3342 11594 7744 34686 12551 7764
8929 21005 3842 41550 10592 17094 7131 12166
19575 40839 6733 8860 10504 23562 8743 11674
12380 21491 11552 9192 8801 26098 11605 5507
7959 34815 2079 32984 6918 13703 9526 6354
41329 59984 2933 9473 14071 14693 10116 10636
10243 26348 1884 12501 5356 17549 9793 8821
85968 46130 904 6925 4370 16414 15879 9152
110860 6711 3326 1281 2743 5149 1461 3028
22346 28299 9469 28924 9052 26346 4902 4265
31738 18698 9198 6614 13792 22176 7143 15025
28892 9183 4944 10899 12579 10076 13513 5637
10707 29941 5469 8538 15041 18646 12416 5522
