0 48185 43000 39488 19058 10895 8698 6611 8039
0 12573 5617 3454 4267 4201 19943 6308 8103
0 21574 9907 4889 1772 5117 3619 1800 726
0 1782 10766 32877 27062 11571 14589 10333 3118
0 48474 33870 42913 32986 5365 10583 3574 5149
0 30109 67271 41417 15092 15814 17536 7141 7462
0 32523 11235 6791 1075 2762 668 1975 820
0 13936 12696 3162 6076 3212 6969 5290 1356
0 30547 20339 14062 30089 3278 9323 4269 1918
0 50613 18884 8404 1649 2632 2924 583 467
1 13389 9721 4095 7406 12315 5578 4528 2735
1 58350 27567 23555 12837 4533 5065 4473 2679
1 285633 174160 19791 25183 8310 14414 3431 2927
1 11846 7390 7919 13573 9208 5567 1517 2735
1 291596 71957 12160 12482 2454 2226 1421 1028
1 43263 41421 6592 2591 1828 1598 668 641
1 12192 14548 3552 32592 14108 6494 2904 2086
1 27219 13096 12799 36889 7638 7437 3721 1694
1 9755 13362 23722 20156 2549 6084 3240 1941
1 15359 33170 2882 4674 1107 1358 1232 534
2 389889 81853 19668 44544 17262 11488 7277 5544
2 2103 3618 3550 2119 3967 7076 3588 3276
2 1089 18207 8439 3853 4508 5374 1158 1812
2 4500 7738 11970 4152 6528 8977 4431 2513
2 11633 10245 14546 23008 9059 8644 1515 2599
2 45522 24556 5071 2128 4454 1820 1354 733
2 45606 37390 5010 23580 5103 9102 1372 1709
2 4291 6308 5555 2169 2270 7450 1874 3161
2 5159 15436 14294 4613 4342 13359 2267 1250
2 1603 4485 3921 14015 4736 10090 2033 2500
0 7100 30711 14568 12830 4021 6892 3287 2753
0 61218 6245 10343 1485 2613 1981 1100 270
0 17748 12173 1640 12490 6113 7005 3276 1904
0 2265 8818 7350 4467 2420 6689 4379 3624
0 308683 34631 6972 1286 1896 2627 1300 735
0 10968 6589 38818 23908 3412 14602 6323 3165
0 2761 16860 31887 15281 4141 11427 4177 1986
0 55943 34082 5510 4101 4083 1567 1517 1435
0 5736 16986 27270 50559 7562 15572 4752 2191
0 82199 56959 2964 2189 1729 3983 1364 949
1 58428 81285 23930 7016 7150 18732 17805 4013
1 102615 37919 6672 12652 6089 19147 3112 3685
1 48635 24445 10540 2083 2068 3574 2691 976
1 92415 67566 6489 15083 7784 9139 5719 5238
1 404053 113611 23745 22625 7442 8875 6974 5251
1 11273 13675 5803 7850 5290 10896 11165 4592
1 412084 16043 7174 5999 4764 5746 2208 3264
1 37652 31166 22913 26662 22770 12612 8097 3402
1 1900208 327992 24178 22277 11523 18376 9045 14089
1 22645 19490 20033 13043 4997 9115 14045 8082
2 7697 6941 33032 28736 1534 13293 4468 9998
2 6400 3610 2449 4124 4444 9322 4427 8447
2 2585 8303 19972 18231 3096 7776 7928 2690
2 2997 7063 8076 10747 6969 9663 5606 2907
2 5206 4679 21295 5240 5598 13358 10737 4841
2 8000 10085 9354 4293 5075 10177 10694 6277
2 1978 5932 14844 11819 3340 11737 6944 4230
2 4668 12261 8858 2604 2547 16905 5589 6419
2 1748 5886 5652 7058 6586 6797 6373 4783
2 2514 5533 1919 2288 7630 15560 7403 3887
0 52041 22151 8130 25919 4384 20641 8039 10124
0 2935 5511 5870 1723 5929 21719 5330 4063
0 4928 10408 10195 8595 8378 12706 7114 8698
0 4084 9970 7481 7502 12874 14558 4143 6665
0 3589 2419 4139 12414 2971 12603 1792 4240
0 3351 5887 12544 4242 5421 9673 8607 5851
0 6315 18552 4223 2474 5455 8439 20692 6698
0 44505 56855 6422 5731 10292 1478 2373 1026
0 170019 53215 7003 7946 16516 14105 12423 8444
0 34401 15446 5581 5059 2765 3440 788 1054
1 81275 22977 5317 2173 1354 4146 2609 997
1 32417 16892 1724 1066 3091 3110 2029 1608
1 236768 17092 435 3590 1659 2921 1494 1363
1 20463 19639 26729 27656 5692 9886 8326 3699
1 43672 35358 5622 6222 5464 2439 2882 790
1 18274 4358 179 1197 424 2921 1490 2582
1 213421 45756 5834 3461 4406 3446 2359 2037
1 33697 50502 12102 4143 7422 6411 2915 3145
1 89424 73245 6793 13243 16677 20862 4639 8934
1 56861 25075 9646 6454 11112 13711 3363 4271
2 10558 6716 18702 11872 5093 7476 4019 7023
2 4980 7976 3160 9572 9146 13476 5361 2866
2 18292 25431 9012 53024 13478 13774 6650 4623
2 997020 106898 77153 23814 5526 12789 5779 5380
2 110600 11754 24373 5850 3159 3341 2457 369
2 770 8861 2902 9622 4505 5544 9675 8464
2 2641 8080 10599 2949 2875 11073 2108 1962
2 4481 6069 5783 19689 18525 5841 3103 4027
2 89545 38956 9050 4092 3612 1704 1778 797
2 8314 20284 6543 6817 5187 5642 4714 4250
0 13045 11792 15749 6648 19189 10198 3105 4486
0 3363 25048 2379 8134 6506 7142 18073 3761
0 16840 16831 12400 9724 11547 8874 6250 5036
0 13195 1744 13884 11755 3815 7462 3950 5113
0 71058 30889 16065 5998 4269 2985 1168 1297
0 3264 17692 4419 26135 5215 13751 8653 5116
0 12934 6633 11415 3637 5793 10214 4679 4843
0 6382 8282 7932 6569 6157 7779 11865 2840
0 41309 41193 5422 3183 2278 2763 2028 1151
0 127264 44627 27496 27763 13023 22309 4933 7753
1 9863 17664 24099 71865 9323 19342 12122 9651
1 23852 9770 13604 18986 5524 6808 5591 3899
1 17499 11781 14784 5595 21161 16736 9369 5664
1 6816 17256 19096 23342 6091 14616 8748 4118
1 70717 43119 4920 2813 1387 3040 1788 1029
1 82859 21796 2904 3324 3389 3642 1489 1281
1 105996 41332 4552 2118 2457 2733 3531 582
1 11690 7846 4206 5791 6432 10369 8861 7470
1 87253 37988 6060 3828 3311 1413 1764 980
1 12840 12538 5356 34161 3594 9470 3047 3459
2 20031 3210 29416 5406 3555 10317 5759 5473
2 12035 7286 14032 6172 6132 10379 6439 2680
2 8005 27338 23896 20544 25000 12778 6025 3790
2 15890 19077 9677 13573 6608 9655 7342 6725
2 1911 11485 3117 22887 4793 17084 6936 6399
2 1530 25231 16411 18252 2557 8645 4440 10547
2 13129 4472 7410 9050 3613 12731 5444 4782
2 2783 7830 24793 28574 2694 8258 3248 7208
2 11882 8248 3248 15589 6074 11013 15672 3254
2 1723 6067 7908 4954 2553 12305 4771 5539
0 3976 4223 7106 9124 5489 30714 9997 6348
0 11778 1835 8680 6623 3757 30150 7009 6700
0 5193 11316 11623 43483 1152 8689 4596 6776
0 19026 9123 33070 9385 3089 22113 9007 5229
0 51721 59390 10519 2285 4077 5421 2495 1381
0 513759 108396 192782 5037 14168 17794 8072 11774
0 9701 7794 4490 7614 5908 7983 5488 3874
0 3933 20757 9874 10244 9824 6907 5947 4829
0 6620 3745 76 9397 2948 6421 5540 6976
0 9252 16093 5983 5833 4495 9249 4489 5552
1 3142 14685 4339 8089 4847 18519 5520 3764
1 42675 43188 13355 7677 2199 3443 8754 4526
1 15494 25758 4008 9700 5516 16371 6534 3558
1 347972 5916 1093 2613 1864 2331 2278 1333
1 13677 9269 5291 8227 7040 9709 7271 6794
1 22855 14971 2940 2460 625 3202 1192 1596
1 11198 13832 17013 9153 10659 6264 10236 7937
1 771164 239876 41961 4214 11769 9638 6449 2741
1 3027 16315 4035 20013 10883 26260 4795 6505
1 4725 8807 6423 6209 9074 12048 4388 10492
2 2800 11442 27103 18971 11628 12393 18420 4038
2 5091 23356 15011 15545 5084 15900 7353 5961
2 153106 24961 1480 3250 2204 1668 875 567
2 6904 3612 58395 7563 19197 5724 15120 5085
2 3445 5717 16379 12150 5925 9450 9184 4559
2 2272 12503 6234 15963 6481 29011 5814 4857
2 6875 5457 5093 11730 8286 11720 3984 4256
2 8372 17353 4952 6125 6648 10342 8358 5192
2 5763 4759 6931 45596 12248 19010 3123 7361
2 5046 5902 7013 20809 3234 20155 11190 6343
0 8484 6974 4658 10043 4728 8613 4918 4895
0 11212 7389 10850 10427 2810 17683 4383 4548
0 9851 7192 12455 10866 3698 5404 5159 5447
0 3315 11477 1419 11296 7092 17970 7349 5588
0 11654 7117 5263 24444 3353 16809 4091 6870
0 3190 11430 10337 10553 7334 11007 5166 8475
0 3357 14055 7845 20818 19528 9437 3871 2875
0 3243 4253 515 11429 5011 10496 4513 5924
0 12373 9248 19836 30863 5535 9466 3657 3487
0 71368 32361 4187 3471 3765 6841 972 1701
1 11718 7230 15284 2883 1739 5122 14200 4432
1 198705 7036 4555 3235 1348 1866 1698 1847
1 53427 10204 1559 2687 811 4232 1617 1690
1 222695 21779 6144 1884 4742 1551 1020 812
1 225605 16020 2002 3342 689 1760 1869 1377
1 11399 7201 962 17176 9556 18351 12044 6287
1 47534 11550 11064 16532 3429 13478 8939 7918
1 12104 5701 3998 19115 6266 13306 3568 13373
1 182924 23233 4453 6138 23732 11123 5057 5315
1 12584 23497 17625 3010 6634 10680 11826 6356
2 94619 32525 9416 5424 7373 2905 1111 1002
2 14440 10260 8868 7441 4477 7026 3008 2602
2 748 15737 5919 11799 3780 12596 11487 5678
2 58450 19416 2801 2060 6932 3693 2019 1609
2 38096 23851 3245 5037 6006 8595 6561 8280
2 2408 16949 4025 6342 11316 7458 4815 8964
2 5204 16577 3897 3304 2964 12547 2023 5106
2 6255 14337 2941 7458 6236 15696 5729 5485
2 1556 6202 8094 7380 2981 10519 7637 2414
2 16790 7674 24673 11252 10055 5957 5406 8116
0 7235 41457 35062 15364 8821 12971 3430 9825
0 9485 3795 13230 5812 3781 5861 5745 3074
0 61312 69208 584 723 2519 2511 2735 1004
0 10078 5924 4559 13514 15013 5922 4980 4107
0 7110 25106 29281 6376 13193 15010 4607 4529
0 2887 12106 15032 6415 10586 5542 6246 5952
0 12339 12372 21034 14685 4446 10650 12552 4169
0 24931 33648 808 2293 12350 14006 9214 3112
0 5566 20150 15412 14807 3725 14591 5223 6892
0 2212 25338 8700 3795 9118 13786 5013 8991
1 8377 20968 2555 4384 8094 9425 3924 7306
1 2437 4520 17152 12816 4871 10763 3543 9241
1 20576 12332 14243 7908 2375 11220 5710 6884
1 59382 16554 491 1890 534 699 344 278
1 27328 12653 11517 52715 3382 7812 3245 4606
1 2981 10158 15751 28947 2778 11330 5707 8647
1 33665 16411 56544 3478 2609 6972 6917 4886
1 22261 14687 4479 23738 12215 18516 4344 3572
1 5551 8863 11071 4630 15947 10731 19210 6505
1 6005 15671 8800 11146 3841 15493 8881 4510
2 3037 9517 13213 4868 4755 10993 9940 6822
2 3121 5282 10716 5713 3416 8918 9025 9552
2 1289 5718 6036 6985 4603 10237 11222 4037
2 4326 8887 14098 15181 12073 17753 6974 3971
2 9275 8044 18904 11143 5685 8752 12134 5805
2 6507 6089 11540 14761 12875 9053 6442 8629
2 42659 29573 6484 4940 1157 2743 1920 1507
2 72144 18217 12548 1515 324 3181 2706 1654
2 2210 6839 22181 52299 5627 33988 3436 7186
2 4390 8633 8446 28542 3620 10566 4010 7328
0 1724 14943 1139 48197 4579 12657 7694 9848
0 10679 12730 8565 4311 3799 12435 7421 1707
0 56432 43965 7188 14529 2427 2687 1122 946
0 43322 47823 4246 1062 1681 3408 2350 767
0 16833 37648 25080 8951 4539 5548 7520 5382
0 3552 4089 24347 14493 4080 4869 14696 3341
0 3533 5124 11684 3439 6124 6643 3012 5495
0 9170 6750 12498 27606 1059 5988 6381 8442
0 5022 12269 5267 15186 4973 13498 9781 5058
0 2561 3371 5372 2557 9653 14326 3455 9182
1 2365 12194 3661 2908 4453 9635 4477 4301
1 8723 16984 1289 8034 3038 9665 2883 4765
1 192969 27693 5353 3675 4471 2582 1354 1616
1 188704 11297 1154 8237 3635 2899 1400 1062
1 38785 6114 1818 18989 4157 14715 4997 4785
1 6523 37438 4133 6239 10142 7578 9348 3385
1 4148 6283 660 3005 2017 10891 2155 7453
1 36542 21849 492 1484 4831 7246 2828 5349
1 7880 10665 6832 9635 5441 9910 3300 2813
1 5463 24805 13908 4561 6424 16040 3935 4130
2 47483 5344 1734 5479 4059 3575 1241 1262
2 3038 3337 5362 2106 6617 4172 5525 4675
2 5590 10096 10319 2645 10836 8480 7233 4267
2 3486 1061 11204 972 2757 7346 4225 6482
2 9018 6391 1850 21924 4888 16453 5272 3025
2 3084 15530 441 8070 9618 13342 2184 3801
2 6155 14348 9513 4038 7707 7743 6864 2930
2 11154 7729 5142 13195 8896 11625 5825 11344
2 2177 4667 5042 5581 3976 10440 7257 2500
2 3635 3832 8958 21006 3672 12984 14311 10154
0 60374 26301 7001 10600 4904 13106 10156 5642
0 7685 7200 12831 3717 7105 8601 4905 6728
0 7492 13335 1804 10637 23478 10653 15909 10248
0 7957 15927 5636 2842 6429 14473 5645 6167
0 10491 2605 9317 15230 2341 8792 4811 6702
0 3221 25988 37106 20652 32905 8770 5881 7233
0 3599 6201 5484 12880 12023 13098 4566 3788
0 79626 123332 2330 1692 3858 2881 1319 1446
0 94663 23785 7032 8263 3828 2727 701 1306
0 9554 23787 13580 22416 3000 11012 4358 7274
1 10950 13351 16163 18916 16651 12542 2909 2878
1 5516 22355 5404 5670 15352 7880 7142 4417
1 19553 11732 1495 9499 4996 5685 5348 4174
1 608 11233 6610 32019 4652 6998 11999 4988
1 7899 72420 49026 12269 6585 15910 12047 5281
1 702006 68914 3184 4259 4614 4243 3579 1520
1 12805 4990 7186 44750 10232 16228 7227 4006
1 12689 4083 41912 39202 7413 6200 5336 3076
1 145730 49995 8913 25269 12138 6073 8176 2719
1 21384 77319 20017 8510 9077 5970 10233 6267
2 17667 11255 6891 69714 2953 12340 3989 5098
2 2025 5903 4350 6191 6433 12983 4304 7360
2 9349 10392 1082 14526 12332 10787 4382 2836
2 7513 9324 5826 8896 5379 7440 4140 5835
2 2065 13140 19415 4114 3734 7904 8030 6840
2 5846 10337 8889 10378 2579 5532 5052 1204
2 3848 23894 18639 8470 5286 9652 9982 8460
2 5392 9747 17011 7020 7172 13549 7766 4381
2 6565 15703 6920 7451 2316 16882 14211 4536
2 2769 26346 4756 7890 6524 5030 7719 8861
0 61925 26785 10012 9668 15666 36032 11910 14691
0 6245 25489 8519 4552 4547 11303 11089 3837
0 10579 15198 12040 8671 7975 8050 4668 2618
0 3994 7886 3021 5787 639 8125 10283 3672
0 33087 20532 8175 11980 6938 12700 15722 5517
0 13719 2852 4820 9250 13581 20253 7182 3797
0 9120 8229 6895 5940 9370 15930 1528 3528
0 5918 4480 11037 17612 4238 13340 8134 5383
0 3919 4694 2169 3682 5738 21768 7306 3654
0 4184 8096 9749 735 10126 9961 6416 5824
1 9715 17552 6074 6532 11338 20427 5099 3218
1 3528 10268 2112 11036 2571 5135 1633 3194
1 4548 21733 5475 9785 26170 12855 5641 3780
1 169527 24986 11779 2371 2157 3517 1163 2667
1 17911 15614 6384 13171 4758 14281 6369 5108
1 3826 15383 2291 2404 8175 8416 5728 7353
1 273731 20028 5940 3712 2617 4077 1330 807
1 14364 10150 1279 10219 3458 10364 5156 6972
1 3224 6943 4281 38694 2663 23428 4756 3728
1 10325 10551 8028 3698 965 7158 5051 4123
2 19552 16830 6396 1974 2353 5859 5006 4082
2 2307 17852 4562 2077 4926 4878 3205 3379
2 6288 6328 4282 1890 2438 20397 8457 3750
2 3076 8239 1981 2835 5294 5992 10118 4588
2 7704 9172 2053 1885 3592 14692 10562 4185
2 3394 5269 2551 6452 1527 8408 5696 4161
2 8562 6650 14163 3097 10337 9791 8842 5861
2 19481 7210 2231 2594 12399 9387 4203 6463
2 8694 8972 1715 5748 3672 10450 6741 9313
2 18648 10738 19726 32796 7867 13236 12406 5665
0 10765 8723 7787 58841 4258 11779 5889 4166
0 21847 10282 10546 3608 4127 10155 4975 6109
0 6494 10048 8361 2340 6768 23988 8398 8748
0 2128 13583 4217 3598 3643 16333 16607 2040
0 14093 13516 9754 4468 7358 16802 12384 6650
0 4341 19291 28417 7315 4005 29375 9547 8633
0 1051 6983 12273 6634 8000 8527 4434 3788
0 4297 15307 9173 17284 2747 9429 5473 2659
0 10521 23976 5421 10477 4799 25130 3528 5879
0 4907 7233 24396 8134 13450 9535 7381 3590
1 5552 13566 9447 6135 7396 9131 3534 3893
1 14993 50485 3798 2083 906 2211 1238 831
1 1322 9828 3115 4373 2977 6620 2040 9830
1 6221 6823 5613 10693 5400 15253 7036 3230
1 8571 9810 2251 46704 5260 7681 5339 7492
1 17087 32423 3601 17194 4369 14343 5047 5991
1 14116 21411 3186 12456 4896 9407 3357 1859
1 2858 16104 22716 5030 6039 13740 5136 5001
1 5972 11159 17815 44079 14543 12475 8834 5673
1 4815 11778 2044 4576 1821 12521 4373 4894
2 8605 5130 11605 38913 12763 5723 6913 2252
2 1309 13582 15195 12025 10049 9174 3644 3833
2 2339 9883 7895 24809 11296 8241 5902 3379
2 1570 18807 12248 4395 9432 16884 4805 2432
2 1337 9286 20910 21275 4405 14333 6268 7043
2 4056 8836 2702 6651 4079 7862 3347 3913
2 8792 17067 16262 10468 8427 7872 6353 9704
2 20362 48047 3658 43796 4052 13943 4698 5088
2 10512 8440 718 1935 5356 17936 5282 14633
2 10198 19637 506 26112 6586 13183 8262 5092
0 9190 6520 20377 24296 6824 8573 7429 3983
0 12097 20240 6223 1762 6754 20176 3719 2355
0 5145 6740 7663 9024 11949 11743 2400 8568
0 5104 5919 2328 5613 4486 8820 3951 2466
0 2090 6051 13350 12493 3501 14727 5810 3793
0 1817 2960 1669 9178 1861 13170 14535 7744
0 7440 40894 6637 9789 3912 10931 7823 7376
0 3734 2484 5712 3659 12672 15382 6694 2830
0 3871 5921 31514 7493 6007 10055 17049 5991
0 25669 6026 14018 6433 1360 2977 1973 889
1 4249 10419 9699 4565 3244 9716 3778 6325
1 53095 16133 10677 6301 1758 3101 911 1288
1 177149 66151 16522 3994 11833 5308 1627 977
1 590233 67972 26466 64652 5777 14071 11853 3889
1 6167 21746 6261 8470 6894 18413 7036 2982
1 44904 54076 11057 3907 770 2421 1929 1530
1 11229 9708 1941 7570 4393 12378 3410 6565
1 16940 4372 2710 3124 2178 17463 15046 4696
1 59575 5324 1421 2665 2831 2473 2115 1325
1 17657 15037 20729 37214 6571 12532 6262 4803
2 5548 7043 20458 6339 11674 9672 2050 17460
2 9812 6246 14662 6899 10619 7454 14493 7500
2 27228 7452 86975 122469 25558 7620 5481 6953
2 3412 12205 3679 16999 7510 14556 2911 6342
2 3972 7726 13297 12496 4903 15687 4676 6461
2 224489 19033 1503 3319 1658 3204 3709 1050
2 6088 29791 17981 12772 1886 29479 5266 8821
2 10223 8582 7422 22639 3805 10368 10235 6559
2 12791 15228 34512 12301 9626 12740 14063 3569
2 758904 92246 7432 13555 7978 21943 9809 10800
0 31185 12064 9011 8883 8369 22547 10364 5798
0 2748 22606 1577 4178 15204 15172 6719 4479
0 13851 4096 7698 3902 11440 7654 7277 4631
0 19150 10988 4692 1574 3507 9452 7872 4075
0 106412 125663 14728 10904 14299 16435 4071 8394
0 37802 15594 12506 22198 10654 15965 9236 4017
0 3757 12234 21967 5639 4997 12055 7573 3965
0 5778 9369 38414 12753 7191 12585 5892 9584
0 3153 10718 21610 8685 2597 14973 14811 11596
0 2341 6683 2029 15975 16442 10817 4317 8001
1 76753 14949 1322 469 1282 5381 1405 773
1 99450 103682 4522 8096 1133 3272 1165 1122
1 147313 10317 9833 1934 6558 6127 2663 2220
1 3852 9029 2629 10631 6479 7521 19076 4435
1 6262 7079 1948 1910 9824 16064 3428 6196
1 11573 30256 9027 13305 5688 13767 4351 5705
1 350741 125154 8594 6056 2236 20880 11794 6084
1 92211 33375 8938 5886 6875 3461 1546 1452
1 2272917 322161 26521 28589 28705 17720 21944 4706
1 200636 91590 11918 10443 5021 18720 6799 5788
2 3402 9321 38561 27984 8958 10004 11178 6245
2 10735 6120 1487 7104 3591 14867 4710 2706
2 15375 12344 27663 11520 7844 10219 7480 6598
2 11191 25003 7680 10973 19345 13929 5364 3450
2 37280 15430 6048 3222 1851 4325 734 1571
2 22949 62797 11906 19392 11364 12600 4925 1931
2 41027 5269 11470 9482 4109 14573 5037 9594
2 5862 15526 15789 1678 10095 13008 6274 5055
2 169140 45593 2052 2500 2968 6450 1264 1427
2 5108 16815 3410 1539 5684 14470 9335 6188
0 20220 4576 1633 4442 1811 4306 965 929
0 10363 7052 12181 13370 8639 13599 3804 3682
0 26408 8767 1689 8680 5930 8963 5556 7817
0 8907 10894 3084 713 7923 7268 3378 5887
0 12063 6853 10255 11148 2606 18283 9471 6021
0 12345 19304 10322 5319 1948 9819 6522 9477
0 31632 25428 3114 1822 2059 4062 2375 1049
0 76193 6343 97 458 504 808 254 339
0 264665 59627 8134 10626 1463 1951 2751 1262
0 11856 6706 5366 10226 4047 13972 7527 5536
1 9678 6070 2628 15080 10072 22429 7411 6366
1 91824 7696 2229 1048 2061 5920 816 885
1 717 10371 2847 7850 3639 9413 6384 8006
1 6840 14766 2623 15960 3942 13628 5386 5128
1 5772 33221 6120 12316 5235 9244 4079 8002
1 3103 16897 9543 12625 4274 20578 7572 9903
1 374622 105442 9020 14802 6594 4095 1893 1462
1 44148 49064 6255 3435 4103 3264 2071 2617
1 13519 28294 4847 13953 5545 10872 3310 9456
1 41408 38547 6172 2286 1909 5192 1741 1837
2 34145 19728 5927 6727 5672 11743 7129 5099
2 14123 2231 19874 11340 18478 17273 9066 12561
2 6800 9233 1254 10192 8226 21117 4857 2334
2 3899 2838 2299 10542 3694 20734 8141 4620
2 9194 7566 11488 15495 7667 18408 14360 6145
2 3937 10472 3720 4438 1798 32101 14766 4811
2 15988 4311 884 10541 17326 12049 11418 8688
2 3434 11843 2977 6766 5853 22205 35056 8555
2 41002 29890 1726 414 810 3682 1416 1568
2 170930 84767 6478 26997 12103 8383 17812 4980
0 9922 5190 6777 22148 8475 24014 16415 2885
0 599 8108 11796 1589 10937 20384 5597 3406
0 18491 5936 14969 9335 5134 12513 8916 5236
0 19654 9166 18281 34856 6432 16872 7620 5993
0 42008 8996 584 1959 2107 3789 2592 1250
0 649 10760 5916 6344 10181 27771 9472 9998
0 120620 58249 17038 10848 8792 21291 4134 5404
0 1838 3689 12101 14625 6916 19512 8379 3561
0 8482 5142 10992 6786 4104 6073 8367 3213
0 10733 14427 13628 9336 2228 7493 6840 9841
1 56260 101260 26672 13775 1639 3682 1378 1277
1 37752 10147 5807 10662 6890 14187 10841 7865
1 40283 29084 6891 3510 3266 2512 2070 1089
1 159433 13352 4693 759 991 982 507 384
1 114590 27507 2645 4381 2313 923 915 339
1 124233 16238 5344 3402 1480 3206 3474 1401
1 541031 178658 28880 26278 12747 26590 8225 7314
1 13883 12062 18335 20022 5623 21324 5262 12206
1 66608 23169 2924 5529 1592 6854 2293 2109
1 376012 123015 5170 8562 7298 4063 4409 1506
2 34706 10688 5717 7648 2071 2012 1608 1006
2 68343 14766 6101 7696 7575 10954 4866 9254
2 280125 45650 5353 2148 3221 5703 1536 2143
2 63290 26588 13856 1812 5266 2207 1574 1396
2 38970 31505 2140 2706 2414 2314 2740 1379
2 4747 12259 10406 8035 5799 17575 6163 7479
2 3702 12463 4330 8800 13400 17967 3336 15180
2 3726 17242 4335 7097 3258 15459 6464 2294
2 31093 18302 975 7458 4332 3485 917 1374
2 8134 8027 16580 7660 3026 10098 14424 8343
0 38905 40261 10813 6004 1147 7615 9244 4907
0 4347 18341 17469 2062 7833 16879 5499 5161
0 25124 7387 732 4071 2183 2243 1381 788
0 450011 55554 1817 7042 2520 2138 972 1230
0 107455 7682 2106 1460 1863 490 287 310
0 4596 6020 7998 10721 9590 8601 9823 2995
0 9473 7670 18045 11276 6147 9766 5443 11473
0 6191 14619 2441 3866 2482 23327 3596 6793
0 4551 11929 45988 65818 55487 11047 4572 3472
0 89142 8482 6683 4283 8028 1772 1657 1539
1 72947 7297 7980 15521 3062 2183 1543 1632
1 37090 14012 1578 19066 4729 7330 7911 5540
1 14747 11011 2002 9953 7368 10762 15628 10139
1 49358 85023 22001 12816 5868 2393 4197 1332
1 915542 31379 7771 3077 4571 1746 7471 1894
1 2989 4890 23488 10859 4714 22859 8273 4692
1 57152 36678 6445 1599 951 1450 517 293
1 348852 45562 1731 3972 2638 2973 1972 1010
1 20702 22978 11420 54989 9539 13918 9403 3516
1 1519 12090 15857 7319 15024 21966 8330 6511
2 155037 29847 3275 478 1649 2095 593 906
2 6391 6373 5148 8845 8382 9487 5194 6244
2 13494 4700 2321 7623 5362 9471 15936 8027
2 72936 109100 17809 1712 10707 23011 3562 6353
2 618886 135539 25762 18449 4615 21114 5540 6567
2 5927 10562 9335 5522 2610 15745 5859 7402
2 11447 18575 21792 20480 2470 5545 19193 3921
2 1573 5202 28447 14452 3674 15266 10188 5004
2 6704 8170 12370 10267 4114 6642 8365 4365
2 4337 17394 12393 7018 7929 12177 4374 3200
0 103704 11140 2771 3488 5100 6555 4100 1503
0 2585 14341 2195 4005 1654 9480 4493 5099
0 7950 14348 10968 2691 3964 15013 2054 4297
0 10885 17001 3605 11436 4141 6342 19719 3607
0 13302 7091 2418 9035 6292 3954 3867 2217
0 3328 11409 2097 6257 4238 6462 5002 2097
0 2253 4482 2737 18558 6883 9221 10730 3501
0 108332 29889 6859 5063 5856 2126 2054 1356
0 3292 17943 20254 13013 11246 17300 11095 4991
0 9746 9767 20930 8546 3381 9091 7410 10030
1 43962 48459 34859 41637 4370 14231 4992 7607
1 354603 69555 11448 10678 4797 4235 2566 3212
1 10531 4278 7545 46182 5494 19409 8045 5794
1 11892 15910 16915 17671 6196 12123 12886 7413
1 37099 19238 7135 6519 3821 2434 1001 972
1 338791 164760 31904 23835 8924 25394 14634 7627
1 6487 16877 17708 21830 13777 5540 11150 3583
1 107537 5882 7530 1447 1320 2476 1317 1662
1 10571 17088 18125 23455 14004 18271 5552 9295
1 19219 11455 11134 11455 5330 5356 5256 4962
2 13708 12268 13932 15069 9981 7657 9106 10573
2 3828 6776 3133 848 9362 6978 4644 3556
2 45012 38948 5514 5948 1951 2864 1751 1561
2 269655 26191 5300 1980 2429 1639 949 420
2 169222 54092 5627 3986 4032 2122 991 1628
2 38666 11820 3335 11558 8590 12099 7944 3469
2 5787 35377 13661 18536 10341 8347 13860 6226
2 4686 7240 3455 6436 3913 7554 9544 8104
2 2244 11819 4978 35818 6512 25667 5096 3224
2 6951 9601 8998 13431 5240 7015 7486 5830
0 17254 45857 8461 10547 4498 10725 5682 6148
0 9061 26138 2044 6294 11211 7483 2629 8699
0 4872 13676 12577 3808 12290 20375 2296 3842
0 14697 23381 4427 22306 4165 17980 7091 8319
0 4179 25987 11419 21245 12534 11742 6379 6879
0 8355 22320 2235 5929 4867 26663 2756 7905
0 18785 16417 19213 1741 5434 10991 8258 5175
0 18017 16219 4770 11273 7191 8891 9534 3997
0 1949 8246 18904 9827 10301 7567 3443 4709
0 7331 8916 24810 14454 4473 26673 8915 7675
1 16172 16015 31950 20791 6130 11471 7514 4982
1 90753 27059 6662 4156 890 2930 813 1344
1 341457 52828 3435 1782 3622 3016 956 749
1 7706 2868 9637 25485 2260 7898 8229 7072
1 2649 27667 18503 18879 2097 6365 4020 4952
1 9714 21777 7770 27232 42133 11952 9172 8869
1 588 35574 6804 3711 6769 19343 5827 5198
1 8377 10248 11395 16213 5801 22640 4172 3154
1 24812 5178 7988 7349 3539 7705 3843 3863
1 2547 24067 2968 13074 7849 10811 6194 4323
2 3885 22845 14005 5832 7914 14129 8502 5412
2 8759 11923 7991 4150 5208 8477 10155 4364
2 2591 7161 1182 4014 5912 10114 4387 5284
2 7255 7630 58663 9532 7781 17531 3610 5800
2 900 9321 44312 6586 7626 7662 4528 5375
2 6610 16187 37170 3458 3272 13423 6042 5680
2 12864 12872 16037 17294 7442 13111 7246 4008
2 1132 6143 10024 16730 9151 17544 5308 5395
2 4369 30062 3392 44933 3806 18038 7739 7568
2 4459 11308 4081 14288 3793 16277 4796 2854
0 5127 16029 28120 13653 6340 30254 12508 7833
0 7240 36640 10433 3719 7351 17588 12575 4929
0 143730 26880 4412 7527 1609 1580 2065 2829
0 54239 3473 6784 8546 11190 18630 4906 5330
0 18741 13756 24087 14685 3918 6541 5582 5056
0 16873 6770 8892 4187 10058 10376 8416 8661
0 10193 13135 19901 11050 7613 11221 7444 5214
0 59198 28881 3176 4449 1115 1888 2852 2668
0 97452 19018 3032 928 756 905 635 565
0 28416 26229 4327 5512 4996 10875 20704 6025
1 2523150 325870 77053 60401 30346 47271 14557 10641
1 8299 14860 2899 4289 2843 15024 5783 6459
1 79403 73292 19701 4739 3815 4197 1022 1837
1 49683 53717 6039 7108 3921 1949 967 1876
1 722832 301267 33984 26822 7764 8069 6535 4369
1 212501 98530 10399 5935 4933 3558 1512 1099
1 70534 42052 46913 22029 4223 7319 1783 4951
1 213476 39397 10063 1065 2927 2397 1093 842
1 1676224 72656 14680 8165 9252 7185 2869 3409
1 15042 11364 28605 11182 11135 9440 5044 3688
2 10485 30989 4593 84318 9766 12711 4561 6374
2 9891 18960 6897 9645 5563 4649 7601 5807
2 5492 54042 6421 5784 7709 13881 11328 3829
2 306878 18574 1703 1931 1330 2416 1530 1916
2 25655 41156 10466 1028 2115 1892 1886 1064
2 19711 40140 2343 6236 6014 5781 6261 4302
2 35308 17956 18807 8145 8181 7184 4621 5900
2 4979 28562 14186 34024 11288 3829 9933 6175
2 5383 14221 4554 11549 6683 4053 4567 5930
2 1611 7714 2884 2079 4453 8472 2314 2514
0 16752 4472 16755 21656 10641 7123 9941 6587
0 3295 6643 26742 40381 5949 19788 6978 2330
0 3365 2973 5359 6918 5978 6808 12240 4827
0 5992 9039 1432 4108 8444 6422 5387 3692
0 2561 7100 5734 40440 6190 19498 3924 5178
0 20632 21237 3317 4668 3427 9639 8678 6581
0 8988 20689 3309 15442 7250 7360 4780 5935
0 8393 13717 2713 22238 18943 10537 5604 4997
0 3614 7653 5359 19562 7745 13426 10278 2575
0 4518 9178 19014 15906 4650 4017 14024 3629
1 114645 45473 3387 5742 7409 3026 2535 1180
1 22523 21951 9351 3912 7129 3473 1391 1104
1 374875 64734 4500 23140 4589 9972 3587 5259
1 4782 18162 30554 8305 2095 10337 5056 10486
1 7024 5969 18209 3309 5289 8384 6328 20568
1 39474 55738 6350 15243 29687 9486 16571 7461
1 12981 5996 4675 25955 2164 13646 9866 13853
1 5140 27004 203 24474 2898 9496 2480 6748
1 612075 113521 13774 15978 12191 15166 5098 1997
1 10404 21992 8487 4844 10045 11202 2412 4109
2 4915 24227 595 9293 8704 8000 2089 3502
2 7463 7725 3559 2084 6936 16608 4382 6741
2 7671 9087 15687 11379 11413 15864 5068 1892
2 211739 38792 5663 6529 889 2335 2789 1193
2 210332 84543 16280 8170 3408 4681 2695 1912
2 72567 5333 13504 22544 11945 14991 9431 2541
2 18921 3021 16491 7468 3421 10369 8941 14121
2 2091 11942 7437 25412 6475 21454 7509 5499
2 3564 12848 15624 16917 26094 19650 8785 6798
2 13945 34537 24714 48546 19990 12430 4859 7787
