0 274677 18828 1500 2972 4966 2134 1931 1588
0 422540 171215 7433 48865 6787 22402 12078 6452
0 88095 11067 1614 4655 1842 1949 1822 1739
0 58589 48594 9930 11485 27984 7115 5117 5691
0 303331 130728 18340 12097 11385 21113 4760 2970
0 111353 57419 13411 2392 6537 2570 2439 737
0 99000 83273 18543 16037 37459 7240 5390 2025
0 97583 117759 5692 41355 41345 5958 5389 2573
0 8118 109131 25846 28217 13760 8322 3252 5121
0 251063 85048 17213 13169 7804 8677 4919 5274
1 792084 134327 23047 7210 10840 11844 5795 3959
1 22748 34841 27996 16400 5367 3086 2193 3499
1 128152 57153 42717 21629 18442 2706 1557 4918
1 154411 14345 7155 3441 2222 1748 1416 468
1 83093 39087 29713 39295 8309 3953 3501 4360
1 78511 8260 2313 5041 954 1708 1132 288
1 38011 14708 11019 12368 3142 2672 2769 2929
1 95419 14292 1488 9205 4321 1069 520 978
1 67990 19927 4332 1435 2971 2238 637 642
1 106168 41348 3757 14142 6715 5142 4090 5835
2 47596 41883 15746 22748 3779 5387 3035 2532
2 251504 37208 45853 14156 4136 11481 4111 2518
2 40398 5697 6707 7036 6592 9213 1826 1255
2 43080 11977 18174 8989 7792 3609 1241 1387
2 155410 84699 26150 37379 46742 25527 4080 743
2 107130 11596 18359 4870 6807 5299 1070 1561
2 12097 29846 27355 10806 17967 6031 700 1916
2 1764564 166053 20243 66435 38349 36380 10283 7550
2 28408 24394 2281 6981 4798 3054 2333 6085
0 237711 45061 16922 4170 14161 8310 19497 6211
0 1146753 127917 13127 8193 9241 14184 13305 8992
0 8720 16712 19678 17146 8593 6230 7715 2928
0 28108 13158 14168 18844 7364 8761 4258 4030
0 35380 22836 4230 29172 11583 9938 3129 3406
0 12084 6088 4713 28516 6048 25613 4867 2676
0 4710 15331 9517 6735 1854 10104 6946 3263
0 13304 6604 6581 9073 5883 7419 2877 4389
0 30393 23303 38352 17558 5271 12629 4427 4043
0 5318 16717 2612 13615 2480 3975 2503 7686
1 1190959 72177 46669 27189 17465 11575 9285 5541
1 592097 27014 4683 14220 6276 10254 5414 3059
1 42716 189847 10339 8952 12968 14588 8702 4717
1 141526 23305 29387 18652 19759 5969 3177 4677
1 628106 89312 40858 20317 13797 8273 8632 11439
1 87708 17288 1760 15169 3253 2664 362 395
1 23070 30583 18717 5050 16372 7586 2130 2690
1 31779 80122 13419 11251 18144 6119 2234 2600
1 18537 44792 6757 1055 4056 588 230 433
2 47153 126288 31103 33525 14844 9356 13336 19000
2 14151 31462 8346 11585 10644 5062 3832 1575
2 171329 2536 6399 6675 675 3267 641 782
2 97302 65037 11680 18072 10414 5785 1894 592
2 21429 122743 1506 22145 8057 4480 3142 1177
2 49357 13879 7984 11789 3624 8275 5312 1232
2 11985 27467 3738 8844 8296 4867 1099 1411
2 9947 27318 7325 8786 11767 4416 4870 3058
2 13237 28631 6421 11718 5312 1590 3532 2770
2 29338 25085 9440 5330 9053 4479 1868 947
0 14714 13180 10800 6572 6155 6848 2240 1086
0 14664 8148 8650 43960 15577 5229 4223 5565
0 35947 20545 36600 4821 15310 6179 6879 5739
0 46152 9410 2961 1192 1251 940 656 481
0 19891 21757 14706 18033 4758 3259 4146 1417
0 22671 5345 17207 8053 4945 14211 4508 2443
0 8198 3220 3575 28774 5467 4138 2826 2741
0 20644 15535 54303 30283 5659 6235 3945 2948
0 1290 21228 6421 2843 3796 3867 3959 2092
0 17096 19443 16614 35874 3898 5266 2314 954
1 24902 11942 11287 8587 1351 3606 1369 2490
1 34538 21714 10652 11026 10120 7980 8136 3335
1 94019 33297 25991 23331 9384 17420 3894 4097
1 87112 44072 10940 9068 7883 7450 3397 13148
1 505019 52154 73348 68733 53786 13115 9160 3632
1 210287 362671 44902 15664 28956 19422 3295 5975
1 104552 13477 1131 2779 2033 1584 1962 883
1 95428 54892 6802 12578 975 2605 863 504
1 42037 49664 16988 7790 21408 11320 3539 2575
1 21842 22091 11837 3052 6058 4594 4205 2591
2 15275 51475 10800 11007 6935 3298 710 1319
2 4033 106890 2917 5756 4464 10087 1596 1139
2 17300 40616 1817 11116 7593 5066 1431 1816
2 16057 6839 30704 12342 17995 3857 3018 2342
2 3338 31078 799 14148 6559 2749 879 777
2 43099 40778 11871 8318 4110 3364 1052 1070
2 76158 36391 3843 12068 2971 3156 931 1194
2 6880 13924 21561 2913 5370 4495 765 460
2 7774 51246 21194 6135 2203 4093 915 761
2 9565 34818 13038 2866 3142 4439 1061 2449
0 9915 29707 3549 9591 6071 2387 982 2845
0 21396 27796 18062 10346 3265 3971 4762 1570
0 206724 9604 6462 4689 4548 7367 3762 2636
0 17558 13272 3779 6683 1340 1419 1997 807
0 67333 44631 58560 71713 5773 16773 2281 6306
0 62243 22755 16157 34535 4238 4336 1829 2484
0 15935 32944 1137 2178 4915 10010 2204 1917
0 13542 10422 7988 17840 4696 6654 2516 1053
0 4378 7816 22120 7597 9161 6560 1474 608
0 50436 28309 38114 11706 5613 8264 3506 1996
1 93867 55707 9153 5970 7658 2540 4779 1044
1 13161 3549 4902 6871 2484 1031 363 474
1 32806 17933 373 10463 2018 1107 336 270
1 62999 23978 675 4577 2474 858 577 568
1 507061 114928 21362 37397 19920 8024 4606 3187
1 25878 41943 4168 4528 3444 969 614 305
1 109524 78398 7083 4112 7041 9535 1413 1443
1 45005 23836 13870 40300 5770 5970 525 2149
1 242397 14967 2642 1174 1428 2194 478 118
1 16351 4931 17872 5449 2035 3426 1494 3448
2 27495 7941 15757 19686 9044 4371 1842 1649
2 18886 17124 5936 7861 8450 4563 1138 1751
2 8299 17614 8969 11605 1391 8014 1622 1504
2 26399 15735 15025 10932 5975 3137 1015 1118
2 24608 11630 7662 6926 1994 5101 2201 1422
2 10378 30104 8866 6927 6204 4982 1405 1563
2 3504 32573 11440 4198 4653 7814 2833 1112
2 20591 17334 10297 18262 4855 3740 1395 1389
2 4205 14042 18748 18560 2969 3342 1441 1202
2 9641 39862 24462 16165 9439 6761 1565 1200
0 12881 18431 15152 19650 19388 6327 1491 1903
0 9473 25718 5036 6680 23034 2747 1123 1530
0 18056 24495 10120 26432 5250 1816 2295 3243
0 12662 33854 8105 17833 4561 4600 878 1249
0 3576 4543 7161 1500 6293 2901 1639 2489
0 24029 13560 17355 2530 5458 12335 1417 2066
0 36171 4192 9894 14718 26671 2048 2156 2032
0 15444 12075 11226 18546 2677 4162 1074 4455
0 5067 29650 12244 36992 5512 4189 4795 1486
0 32139 17312 14295 7886 6016 6730 3133 2751
1 66398 40045 8757 7266 1534 1157 435 319
1 124557 92955 2381 4805 1502 5048 474 646
1 53375 7289 4758 1462 1690 1547 1104 2465
1 4053 14907 5730 15735 13394 5177 1119 1804
1 262581 69306 3975 735 1928 1921 280 667
1 142932 61308 5742 26928 8206 7213 1945 2663
1 12484 11725 5482 12575 4649 4819 499 1232
1 35279 15619 5108 13715 10622 2571 2480 2816
1 49285 5941 15475 4235 2724 6325 961 1349
1 21108 11257 6123 5192 7506 2170 2512 1464
2 47518 47501 23124 10466 6912 9704 943 1953
2 2193 23449 22331 10725 3897 4838 1918 3603
2 8323 12456 1826 49821 3836 3805 879 1438
2 17938 18207 1166 16015 4780 6519 2052 1621
2 6945 26866 15151 7215 3855 2935 1146 1176
2 8901 2533 6769 12607 6879 2796 460 1496
2 8092 17731 6252 8230 1670 3317 2109 3191
2 56828 40844 11122 14291 3896 4682 13624 5818
2 87114 26230 4176 28783 17054 17081 7691 12385
2 12264 8410 3167 5101 657 1356 1177 1235
0 18043 24910 6157 11226 9064 11535 7363 3479
0 8802 11580 26559 11021 7734 11875 3198 2033
0 7382 35607 13759 15396 9225 5883 3850 1794
0 7147 30710 13128 12879 11090 4052 1642 2471
0 29316 9819 8009 13409 5455 3937 1585 2335
0 34636 7645 15442 7801 3169 4676 1968 1981
0 1481 17723 4160 9101 4670 3184 2075 1760
0 5538 13572 22478 9727 5912 5473 1673 3467
0 11205 54872 18854 26936 5378 2618 2133 986
0 12620 35210 20811 20916 3664 4823 4366 1699
1 39613 57475 10600 2815 574 1381 336 289
1 213177 36546 914 4870 2178 1197 316 476
1 6494 16789 2123 14163 4637 2416 1552 1908
1 15864 18641 10059 12359 3506 5349 1874 2997
1 28073 18183 9495 6121 5158 2448 545 530
1 27049 29729 15253 5666 5689 7641 1775 1606
1 13189 18618 9922 54763 2248 5034 2471 2046
1 37658 10801 42953 13967 12958 4830 2274 1194
1 11021 5110 8941 11726 2954 7330 1457 3192
1 10043 12511 4515 5055 5190 5641 995 1618
2 10569 6395 3952 17358 3086 7478 1257 1102
2 17637 10155 18183 14937 2302 5730 1536 1655
2 7946 11811 5602 18613 4472 9124 1628 804
2 16522 10980 30078 14593 3910 8497 2138 1238
2 8980 11868 2841 38578 4639 1926 2093 1654
2 12073 66432 5837 15721 3965 3400 883 1013
2 31738 11287 1983 8733 5726 4495 524 1132
2 2642 17740 3479 4402 4842 9397 1429 2029
2 14180 21868 1922 23820 4992 4089 1434 2708
2 8898 13864 3045 13741 3726 5688 1764 1615
0 10655 24105 4483 9583 2434 6734 444 2537
0 13013 7524 10197 14159 6166 5247 1296 675
0 19788 11995 13556 11223 7748 9778 1517 1775
0 16368 16401 8902 22518 3214 3394 2097 773
0 19786 11460 11267 6623 8941 2362 3540 2617
0 8876 15854 2404 16140 4850 2364 5014 4096
0 8201 11050 14537 20010 9587 3958 954 1201
0 11898 6191 8440 5119 10246 4218 3020 1028
0 162295 44429 9396 6465 4702 2664 3531 2038
0 31583 32612 2358 1198 1915 941 179 442
1 1742776 271766 61700 29576 13878 6228 4244 2462
1 6131 19734 7358 48408 7981 2490 1057 1661
1 848 13669 35401 9184 5731 4484 1429 1510
1 3232 8774 22766 11911 3459 4132 2681 1785
1 9716 10070 8895 1164 5053 2834 2580 1560
1 14096 13859 21521 10738 3553 2832 1112 2179
1 42986 11390 10997 49435 7006 3308 2133 5817
1 9243 12982 2626 13916 6525 2253 1784 1731
1 29557 20249 21586 8424 4124 3775 1765 2451
1 10628 14244 23302 5137 15692 4095 1556 1334
2 12635 10046 27808 44509 8557 6916 713 1095
2 8085 11424 37223 44684 8821 3746 1503 1954
2 19735 30394 9205 29601 4347 5866 1068 2482
2 16507 9765 44859 11458 6537 6696 513 1762
2 5259 14623 9406 6656 1294 5161 3236 1084
2 13180 21269 6407 10844 2996 6284 549 1271
2 12972 17717 4405 5934 4280 3766 1901 1666
2 31505 20647 7414 6901 7323 3694 1805 757
2 12061 10897 17969 8188 4376 2920 2361 1843
2 17324 12229 2945 8903 9678 4869 1465 1284
0 3861 3919 21299 9923 5505 4265 1326 1967
0 4030 10526 5914 7886 11891 9644 1846 1596
0 24629 16171 8485 3139 4526 4114 3231 1317
0 15625 9703 11771 34113 10815 8966 1413 2998
0 20732 30636 32635 43959 16888 8589 736 1973
0 14089 5559 1572 13383 3868 4138 2276 2156
0 13014 13770 3812 11086 9446 10572 4668 2993
0 31738 19639 7664 31403 4215 3648 1533 2416
0 17625 12633 3421 1144 3730 6483 1991 2126
0 14425 6065 29132 4380 6444 6562 4280 1797
1 38837 47603 8407 2716 928 1487 356 394
1 19217 25258 17569 21548 10819 10630 3714 3199
1 66683 18996 321 2426 659 2315 1297 467
1 18703 14523 6677 9041 2671 4644 4041 1724
1 24038 41269 2582 11539 1330 2880 562 207
1 25706 9644 3828 44475 1639 3347 496 1539
1 18020 12670 1745 10142 4019 1286 1159 1961
1 10184 12791 2746 25367 7520 3675 1101 1521
1 10401 29898 10758 2125 3180 3492 930 848
1 17209 50009 9542 11555 9319 2152 1680 1125
2 10656 24944 3937 23081 13197 4422 1345 1789
2 22574 10649 4212 13061 8401 4566 1618 1349
2 11867 5715 2785 27617 5204 3537 1101 1166
2 16876 22413 19242 15501 7865 6222 995 1402
2 21161 16313 14194 20728 3851 6187 1835 1017
2 18581 10920 4370 4068 8889 4000 1008 1861
2 18738 13131 6994 3271 2338 2475 1035 1296
2 18395 32467 13320 8547 3855 6827 1351 1757
2 3068 14785 4889 11574 3943 2631 2863 1834
2 19890 17738 11621 28284 1971 8447 1224 692
0 19879 13850 1769 5500 8657 2397 1046 1394
0 15998 30434 3952 5608 2472 6028 1038 998
0 38032 21062 3585 20654 13110 10244 2549 1906
0 21061 37157 3425 3816 8986 3642 3582 1065
0 8739 4146 22837 5799 11022 5130 1835 915
0 25829 4468 3280 2029 4699 5093 649 1512
0 34754 49981 11362 12892 4737 9020 2932 1797
0 2388 17112 23291 7976 8513 6539 1027 2312
0 21553 15650 10287 20549 9295 3876 549 1542
0 41239 17852 2405 7116 7309 4915 2064 1686
1 54459 17295 16259 36992 10007 20623 7164 7974
1 143490 12044 4569 10882 2192 3310 2511 1877
1 74428 37809 13681 7895 8504 2062 5903 7119
1 27274 25442 11803 5826 1632 3631 3289 3455
1 57275 51596 14461 8755 1258 2075 1689 5685
1 27666 12869 4487 1997 1773 799 682 415
1 11054 8440 13840 27659 5450 6526 2922 2254
1 9596 10928 34919 6705 8462 2591 1046 2381
1 27929 21715 4345 10265 2179 1007 484 319
1 18102 12248 1966 3131 6020 5853 1093 860
2 1959 21839 10435 16314 2282 9567 1240 3493
2 9603 12169 14146 22924 4184 8017 2488 2205
2 7743 6543 12401 21960 11587 5306 2532 1738
2 14512 8987 25124 11752 5728 4118 495 981
2 8651 8154 9352 13053 17386 4876 3299 1243
2 11800 10892 9213 9683 2234 2252 1731 1081
2 129555 331710 42147 19832 13807 6066 1595 1315
2 87058 75124 5950 3612 3094 3198 1604 1361
2 12242 16282 13869 27934 9034 10845 3977 1202
2 8878 5668 15365 5606 1673 7627 2129 1879
0 41049 34442 9441 17940 10830 4893 3266 1812
0 16982 43833 5272 42439 4809 4228 1473 1844
0 20516 23090 2397 15557 11171 3436 1537 1480
0 32352 9601 12982 16095 13834 6835 1646 1600
0 5820 12098 7798 17767 7034 4948 1146 2296
0 22410 12632 10925 15706 3397 7206 3661 1455
0 32391 13225 1302 2624 13629 2491 1662 1161
0 8665 20608 36037 40321 21304 4348 2103 2331
0 9768 10631 8692 19061 2907 6775 1176 2824
0 22917 9724 9212 21496 5335 2651 1209 1725
1 129701 54484 4945 1790 941 1006 391 282
1 57379 36005 9018 6231 1537 929 321 368
1 93942 156250 31210 20073 3809 4362 861 1099
1 32402 27850 6598 3710 1262 988 957 443
1 60432 64701 14068 4876 914 874 538 349
1 739572 69470 7502 5469 3293 3693 774 845
1 36638 29663 4275 13687 8842 8889 858 1638
1 42774 13354 4049 16383 11318 7060 3980 4017
1 95489 5794 61 335 766 361 161 153
1 13641 16868 14851 5239 13840 5575 2762 1164
2 21777 19654 26339 31920 4567 3384 2055 1021
2 4969 25350 10687 17631 3763 5157 2688 1114
2 7551 6562 17120 11808 5806 5134 1494 1355
2 15655 13680 21869 10930 3505 4602 1296 1865
2 4515 46454 2891 12827 3234 7619 2054 1863
2 8008 9953 3940 10213 3753 6332 2889 1871
2 6014 12842 9183 4890 3625 3844 1067 2847
2 26702 40834 8893 7090 4842 7282 3583 5526
2 32733 8088 12059 12299 5750 11272 4850 3616
2 40012 18408 8973 9537 12943 7488 2987 1102
0 34397 66042 4833 12309 9142 4899 4397 2209
0 10745 36204 3402 16439 12520 6170 3653 2604
0 11258 8911 18752 12729 6396 6455 1896 1652
0 12171 15217 4617 9135 9223 8813 2736 2942
0 8764 17356 5746 8302 7119 4495 2495 2247
0 25315 17345 4924 6402 2927 2765 680 2006
0 6279 29826 8371 16248 8451 6567 2897 2780
0 7962 22294 4364 47031 6320 6557 1748 2957
0 10819 4391 2805 7711 4838 6006 1063 1556
0 23579 15039 16491 5239 6187 6045 1352 2377
1 136631 4305 2835 2678 1158 4047 4560 1951
1 62900 26402 35617 2316 3449 11241 6441 5616
1 73978 36621 7417 3451 3533 4287 1015 592
1 10737 22030 13197 26970 5795 5513 5146 2087
1 44026 24818 8033 35922 11122 2678 2817 2931
1 18378 18852 2125 2496 2660 2385 1102 2258
1 41418 16996 4101 2793 1843 1729 354 181
1 31014 11763 17061 15548 17002 4318 3177 1359
1 40006 83496 5181 17085 11590 3545 1189 1885
1 19087 23783 7297 8841 5853 1659 1338 1439
2 15403 51899 13001 5263 6626 3056 2851 1627
2 10283 12465 18672 13952 4186 6007 2470 1050
2 13418 11856 13178 7565 3260 2794 1384 1147
2 14806 8289 4746 12346 4685 4120 1066 1078
2 27724 4965 15551 21868 2007 1657 2863 1309
2 8208 6942 1442 27202 10112 4761 1357 1553
2 15591 13995 31298 13516 10180 4358 2798 1267
2 20502 20509 11970 13378 13299 3161 2304 2008
2 9129 85115 19354 7849 5733 6212 1451 1066
2 34273 8860 22064 17054 6038 4035 1601 1746
0 8169 37714 6811 9190 13113 4053 1579 1821
0 15838 16459 6039 22327 8531 3167 1219 2083
0 46763 6505 8499 8445 6494 4859 1462 863
0 11937 11714 26806 8111 2796 5277 2563 1668
0 20881 25699 12525 1239 8040 3729 2164 1946
0 16953 25495 2736 3420 3348 9095 3146 1342
0 14390 6971 5175 5516 5991 5250 2559 2020
0 16195 13523 10730 6211 4387 3296 2332 2732
0 12090 8814 5785 19851 6670 8630 1526 1282
0 6038 14006 54001 12392 19572 5510 1246 1252
1 1287 10432 10479 6659 1595 3214 2437 1987
1 7691 11098 3359 7618 3826 5889 671 1315
1 34247 15961 8183 6349 1372 1112 179 412
1 6314 4929 6854 17954 10598 3453 1145 1092
1 42291 16025 15723 4107 5130 6237 2631 1162
1 28407 117996 4840 10315 9292 4741 1218 612
1 287026 43689 16907 5616 1567 3248 259 265
1 8115 5293 1100 16791 8814 5174 1341 2216
1 131280 118938 25318 10196 1709 5751 4196 2096
1 4321 16161 14065 58652 4491 2495 2676 629
2 5247 6562 12634 11729 3487 3910 760 1523
2 39433 29120 13191 23048 3025 5009 1649 3104
2 38062 18522 6085 28972 2578 5808 1341 2854
2 13654 9950 7351 8494 4251 5907 3392 1114
2 12880 19834 3649 5505 8613 5356 1236 1979
2 29578 21106 19534 8097 4352 3976 1408 1051
2 9616 35277 7561 14469 7790 5064 1084 1173
2 5081 32260 5901 8739 4337 5972 1122 1614
2 29136 30934 4334 30640 7608 9200 1877 1309
2 14808 10862 20279 7450 2031 3140 2690 1361
0 11868 3996 7050 5762 14664 5352 1821 2512
0 3126 13994 3527 13351 11266 3965 2101 2592
0 8443 11266 19460 15390 4650 3649 2534 1885
0 40140 31764 9679 3633 1856 6234 881 589
0 36975 31305 7923 5064 2280 1726 642 354
0 364406 134568 15828 38165 14004 9100 3238 4232
0 5777 6964 2388 55653 4369 8367 3726 2798
0 55792 20645 4976 37989 19003 10295 11687 9770
0 6002 19652 19220 11152 8789 4577 1969 3199
0 22731 10969 4536 11501 5342 11837 2380 2893
1 182166 126380 26263 13519 4790 3886 1900 2122
1 3974 15980 11532 13576 4767 1684 710 795
1 45737 39831 3294 4126 3945 1814 846 450
1 150821 20345 670 5750 889 3719 3766 4087
1 15131 12558 1912 19994 8612 9317 4643 3687
1 22952 12753 3095 38289 5751 3523 3125 1551
1 19029 5182 7618 39615 9163 7977 2264 4632
1 6010 8840 13780 8726 8074 9156 3858 5001
1 24459 17054 4723 19400 4362 8888 3894 1034
1 746090 158332 44471 8509 14418 14834 5274 4512
2 11533 16963 4695 7476 11060 6375 2189 1511
2 19830 10828 12920 4380 7914 5673 1025 1956
2 17582 19107 5956 13514 6197 5215 2016 1844
2 4998 15333 3204 19167 5181 3368 2728 932
2 20381 21683 11614 4344 11937 6084 1951 1916
2 13615 15560 8977 22448 5221 5778 1106 1339
2 10885 29731 23173 10376 8338 4503 3505 1041
2 10448 7000 6971 9231 6407 11349 996 2564
2 4560 38461 5974 4485 10783 5798 1538 1694
2 26603 41344 20235 8208 2541 6678 3766 1096
0 29898 5412 4228 8361 9319 3146 2462 1235
0 13592 8400 2227 10267 3761 3390 1123 1341
0 23230 6940 4555 5317 2778 20945 3522 1662
0 7523 9078 10234 19959 5286 3524 2240 3061
0 12963 8179 545 11377 7577 6448 2539 2256
0 12971 5355 2760 5035 10574 7106 2134 935
0 18009 61769 3300 6820 1568 4709 3981 713
0 33708 10294 11244 3362 10555 5541 1718 710
0 17527 16104 8654 22184 7139 5101 2944 2269
0 6230 10729 13921 20789 2685 4222 1682 2026
1 132403 44212 58319 26749 10788 22053 5474 3446
1 5298 14518 9112 58930 7132 10835 6601 8665
1 129661 36070 593 7971 3019 1870 476 1218
1 135456 2445 3259 2879 3224 1637 1755 2025
1 99155 33268 18112 8059 2915 16218 9430 12859
1 19098 22721 16198 6920 9701 12881 7206 3525
1 80248 64565 1189 1978 4082 1646 1537 1579
1 245440 3693 6360 5668 1165 1645 853 583
1 31720 26302 19788 4928 542 1464 633 405
1 27723 13666 21722 17604 5693 3324 2640 915
2 56773 33359 8055 4072 2187 2028 1232 290
2 12559 11751 18877 16764 12481 8217 1875 2358
2 4770 12220 14940 37243 4469 9679 2653 875
2 8972 12994 3486 13469 11701 3825 1141 700
2 11421 15479 10673 10624 6840 2463 3359 1649
2 12337 14904 2320 11464 7801 4687 1615 1338
2 35993 41159 32002 27693 11672 8046 2171 2484
2 9824 12863 26966 15297 19952 7141 4179 3963
2 58065 15673 13574 2279 6098 5546 4095 3499
2 5692 12870 35717 54838 5178 4349 4339 1970
0 556989 37101 12537 1200 11115 6836 9185 5719
0 5975 14135 14481 12223 5223 5456 2219 3059
0 28854 19328 9201 9057 2426 4080 1231 2306
0 31181 32715 11534 20838 4484 3608 1781 1954
0 32553 55102 5266 2492 5387 8779 2448 2184
0 16054 2536 7808 3899 12335 9314 4498 1935
0 3531 21324 20752 14361 6441 4964 1943 2185
0 16165 10988 7594 4832 6063 4283 3384 2488
0 12762 27135 13996 7997 6291 7854 1263 1796
0 1110 19382 5017 13052 14032 4040 2296 1303
1 27933 164845 62393 7036 20069 5733 2721 1317
1 49430 47574 9070 23843 19550 10056 2153 1615
1 16913 22571 13690 10936 7104 4711 2009 1532
1 16400 8670 7278 8178 6625 3153 1178 4641
1 10827 14350 2623 12548 9464 8313 1385 2478
1 22043 38248 3625 10164 11055 6407 3293 1703
1 170697 104273 17951 40996 25961 13309 2143 1171
1 67627 41615 3882 13843 5472 1144 572 710
1 16208 10106 4130 4316 5164 4725 2781 524
1 4749 35328 2624 10069 4403 3457 1317 1492
2 65123 41397 5656 11233 5361 2416 1373 1375
2 4399 41823 6131 30629 6297 3799 2212 2073
2 14949 75608 16291 10718 16813 3021 2602 2312
2 2441 14766 2522 10060 7891 3639 1445 3535
2 10001 39157 6396 22676 3942 8076 1545 1593
2 28133 37088 28472 12042 5001 2319 1878 1976
2 14614 37214 6415 15687 6986 9446 828 1758
2 22045 32829 9929 24116 2341 4498 3473 1967
2 7814 6018 4311 4738 957 5146 1915 2184
2 36278 12966 3292 5812 3391 3181 2801 1905
0 11972 24442 13191 8258 6174 5033 1721 3367
0 8723 35045 4647 26968 8003 9535 2949 2448
0 40715 14488 75089 17835 25303 9489 5649 4620
0 26636 41409 19366 17403 13216 8604 3337 3583
0 8403 14713 155 14807 9771 8376 3130 3525
0 36615 17197 18341 34812 25149 5708 4734 4967
0 6005 23515 20709 13408 7263 5964 2874 2457
0 5676 6982 11215 16839 17543 9296 4747 5856
0 12733 29865 4848 2095 5861 7224 12190 7923
0 22239 10248 27086 20639 8920 12642 5313 2742
1 28793 16029 9956 19778 2774 4707 915 1160
1 1836 13326 9193 5559 5558 4824 2105 1496
1 16891 11568 13377 5901 7169 7774 1653 1560
1 91641 21328 3326 1763 851 907 381 238
1 48997 14011 7140 15633 3217 3342 3513 2299
1 11749 18819 7265 8209 7038 4499 2610 4526
1 11481 14793 2570 15336 2227 4439 1590 1292
1 5298 5968 26830 22157 7585 9970 2449 2258
1 12624 6933 8417 32290 3654 5619 2052 2297
1 12315 18326 43891 8281 3824 7385 1244 2084
2 21624 14160 13672 8247 6057 10894 1767 1751
2 6213 12554 4288 13403 3593 7462 1081 1094
2 16718 12928 1633 19019 1698 4476 2293 3852
2 67759 102642 1122 7860 2273 2621 696 422
2 141877 119796 7234 11949 2344 1284 1011 897
2 1046407 123306 31610 46180 21360 12540 2649 4505
2 7755 9437 17107 10835 15279 15915 1279 1743
2 17577 7486 54898 9180 2845 18621 3365 1868
2 10821 25953 52180 29289 12797 4629 1467 1410
2 55282 36415 12556 5768 2136 2489 305 689
0 88423 12578 3575 1181 1325 2720 757 2180
0 92781 70877 17345 14736 7657 24289 17367 16835
0 63672 43541 11632 19512 8855 13645 1897 13595
0 13716 24400 1871 46535 20250 5944 9947 6199
0 12773 25011 17768 3117 5905 7496 5944 4269
0 7649 8282 12341 12703 4006 12169 5470 5023
0 123976 95740 3668 13658 15797 12351 3993 2744
0 34909 19553 4033 7256 6959 2845 2001 3594
0 10399 1259 18573 3063 4833 10190 4793 3405
0 8107 13984 14062 4522 3042 16670 3798 2105
1 72214 29814 2706 1515 3118 3493 366 549
1 395940 154569 61487 7546 3363 6597 4359 1509
1 51847 10176 4485 18255 6487 2815 2532 1636
1 144313 26611 15684 4853 5616 3017 599 905
1 189640 54013 6147 12338 4565 1039 722 679
1 24414 41053 20145 32813 4504 4390 5467 1033
1 57940 66183 5457 2112 2979 2255 344 221
1 15337 5563 1929 1084 9873 4682 1406 844
1 26361 55922 7084 31569 3866 6366 1609 1246
1 17518 13531 15334 5064 2260 3305 1065 2769
2 3352 13289 21043 29313 3601 7624 2538 2214
2 7032 8184 12307 20970 4778 11095 9188 2142
2 270020 28870 447 10167 7592 7394 686 1700
2 2874218 146641 49884 31765 9046 10613 8881 4224
2 17821 6206 4403 16690 5400 4425 2550 1659
2 9528 16200 9803 19749 3005 7648 3446 2322
2 18494 30604 10901 6189 3195 7783 3942 3101
2 24605 8491 6119 12166 7768 2840 1667 1992
2 14261 7357 8823 2759 2088 4395 2926 789
2 7381 14697 6302 30128 5189 5906 2369 1689
0 6887 35880 25019 9316 4402 5829 1355 2389
0 5653 13514 7964 6757 8341 12761 8286 1990
0 218218 102086 50339 26573 40251 46823 19721 13946
0 47548 75387 15259 30138 13991 10426 9558 14715
0 326532 7809 3815 2636 2815 3628 3233 1801
0 163970 32655 5679 2909 2741 3824 2248 2080
0 31643 14395 3521 8971 15070 12225 12833 9863
0 8556 6795 8099 6643 6610 14722 9886 6936
0 8586 6270 13683 10927 10242 12011 3819 6103
0 1504691 194357 13409 9406 8638 12878 8174 8046
1 327802 107221 60947 45523 19685 10869 4453 2560
1 28072 14867 6475 3978 1427 4443 970 700
1 374561 121604 14735 27927 11283 15411 2933 4505
1 15776 5049 3084 23142 10340 4994 3612 1804
1 7258 5672 3171 8602 4126 6400 963 1205
1 18089 11355 5270 11779 6931 7001 1586 1930
1 35821 46292 7943 4476 2595 813 434 396
1 236915 45963 1231 8328 2982 1529 805 619
1 43747 35267 4627 13085 17484 6054 3322 2670
1 1252 3283 14116 18350 1489 10654 1818 3798
2 36312 10493 4832 28344 9603 9085 1700 2817
2 14506 10176 10776 14402 3984 5220 2298 2700
2 22643 15366 3906 22960 5226 5108 597 5226
2 10641 15986 7505 16887 2361 12221 3814 3816
2 5771 11409 17959 43265 9830 7307 2351 1442
2 17493 15534 1483 7249 3001 4944 1425 2904
2 10999 10834 4505 3539 5094 6052 2730 1958
2 13202 16057 17028 22473 6545 9874 1427 1654
2 3719 5581 5841 13821 5668 10283 1457 2133
2 28057 22460 3770 13862 4046 6056 1525 3872
0 7870 4485 7785 3838 14889 5996 3883 4619
0 24325 19821 35523 56397 4899 7022 2919 888
0 19688 10129 112385 55247 6124 6198 2067 5554
0 19708 14045 8919 6112 7585 10813 7354 1944
0 23248 2998 16780 5660 4893 7140 2368 1298
0 63750 35556 4791 2242 3442 2012 322 1134
0 16048 18179 49197 35566 10101 9853 2076 2820
0 31215 13968 9731 15490 22096 5693 2144 2349
0 16546 11420 3085 15937 15540 6082 1789 4517
0 17758 21123 7425 15480 6015 9184 2951 4812
1 39859 6697 11531 22334 3411 2594 2808 2197
1 38019 46586 3452 10944 1641 5026 949 439
1 284952 143771 23892 14114 20805 22503 3984 4774
1 360476 14212 1704 2144 3170 3203 453 436
1 14653 2252 978 2003 1028 1419 509 732
1 69378 75851 6449 42200 14974 9466 7809 1283
1 13356 13378 1635 9035 283 1298 333 511
1 8307 31728 6366 17046 4575 6990 3420 2305
1 17518 37577 2706 11583 3166 2477 3050 2054
1 70165 109908 985 635 1478 1346 661 671
2 4029 5190 4762 30388 8009 5789 2726 6096
2 55274 33169 12052 2565 2796 4243 438 981
2 56192 44474 1745 2638 1484 3551 1894 1474
2 5474 4317 1284 8731 6017 5331 2390 1081
2 10282 30281 9299 21748 3493 5614 2782 1887
2 4844 14970 12577 12321 8344 6617 1707 3886
2 25633 13658 16012 10254 2666 2194 2991 3141
2 7688 15860 759 10068 17755 4292 2173 2226
2 35314 6434 2681 3982 8053 8283 3657 4713
2 39474 10666 31110 11997 6412 5440 4198 1703
0 714728 221378 60910 31521 30098 14830 5177 4470
0 4138 21231 8198 8429 8443 3673 2987 2396
0 3277 37311 1424 25224 11278 11027 2502 2963
0 15998 4162 10030 10379 2514 4626 2289 1947
0 29288 42170 24402 21959 8053 7551 1412 1632
0 268919 57859 7785 8196 2265 3956 1043 1126
0 34117 7998 7310 2546 2462 1770 528 594
0 4723 10535 14003 7221 12011 5260 2146 2550
0 31892 13617 20602 21157 11398 5984 4932 2271
0 18709 13510 11572 18858 6389 8451 7997 3411
1 27456 41148 6408 14351 2315 6377 3034 2493
1 81500 105627 11246 12413 17300 4996 3076 3879
1 12660 9839 1809 1721 1085 1862 233 1086
1 72058 65893 6891 1507 1434 1157 438 346
1 13088 13846 7900 9781 4584 5388 899 1709
1 89719 61178 1377 6769 4278 813 852 678
1 18776 20302 18488 53783 10274 12332 8701 3047
1 5382 19247 7557 5923 4202 6221 1550 3760
1 21952 4007 22580 5756 2090 5825 2248 4025
1 41039 5896 10473 13974 1202 9118 7404 2148
2 5509 11761 58272 20513 12901 6651 3830 5751
2 26438 20938 6206 17341 5336 6801 5586 2486
2 13317 17658 6635 4494 4693 3538 2511 2162
2 2609 14191 7563 7506 3107 9536 2387 2445
2 13592 15768 5261 10236 3191 8016 2127 2312
2 18392 31352 2287 17501 14006 10493 2240 2420
2 37293 11716 5612 7345 4417 3985 2931 1250
2 14702 16952 5903 5579 3111 2812 2244 1468
2 12180 18572 16299 26579 7264 3265 3137 2737
2 12953 12765 7548 13601 8337 8579 3729 2579
