0 210983 69943 51565 38370 5354 17677 11141 36701
0 108129 24467 62989 18419 21272 29516 17217 10647
0 703261 135315 35649 10350 24731 26890 16724 39048
0 20084 27684 8317 9544 5477 4638 2818 3578
0 163885 61987 12849 17724 10514 6955 2126 3730
0 47456 15290 90718 11439 4613 33037 10311 13805
0 76851 10070 29741 5010 5591 18433 8591 17496
0 63043 222398 20817 19631 16948 11042 10048 17796
0 115970 12258 8948 4688 11151 5091 3095 8467
0 529693 80194 29240 37032 12436 14447 13618 18193
1 65698 11010 5729 6057 5921 4224 2272 1317
1 71491 25440 47284 36264 14157 15286 10249 11690
1 113617 9958 31547 87966 24614 10379 16634 9294
1 61619 35766 19360 19038 4414 4355 6237 13002
1 431163 13879 11216 3125 3357 8265 8269 9108
1 116801 40146 11977 838 3662 4088 6066 6537
1 861448 67459 26108 21539 7502 12542 16872 5797
1 307511 8969 9640 17943 3753 5334 3818 2444
1 1614645 134964 29199 84603 20856 22392 20317 8622
1 80254 57983 3891 26548 4903 5144 2342 6264
2 485931 71225 5190 121915 7046 17371 14797 6808
2 1532071 73633 13432 81269 23528 15398 29906 30657
2 127171 50453 85343 58130 7044 10891 7308 9018
2 1138253 222171 5260 134190 23171 13839 14913 18355
2 31126 9858 15758 78387 7260 28398 14747 12042
2 370927 37047 3380 45850 16454 32980 10518 9274
2 148102 92759 23461 97370 29600 9632 16333 16701
2 68952 18945 3929 26978 14682 5320 3518 7133
2 454252 61918 38146 52122 27377 24854 7666 9342
2 1667093 223538 54701 54562 10159 10128 20294 9759
0 45430 45673 10755 63811 12880 14116 6304 19393
0 245608 29486 6247 5247 3544 4969 1418 3457
0 40814 21684 40026 22838 25068 41189 5329 16785
0 146238 73919 30160 9058 18075 9132 8252 21805
0 400372 18265 50509 43956 13509 13241 7180 13689
0 23075 97241 8888 81628 5164 8868 13241 13355
0 113053 18750 29171 20760 12310 14783 10870 13679
0 5354 6993 3933 19381 4399 3706 4365 2893
0 166249 109978 43041 13088 14466 17795 7365 14868
0 52757 15963 8457 62497 18827 20852 7717 4196
1 4505 2837 1445 4916 3221 2119 4701 2691
1 39020 24125 10116 24946 16607 10131 16943 7535
1 58903 74878 62656 35036 34784 15846 9368 4606
1 37699 21971 8405 7957 7116 5264 1281 1288
1 101368 17660 58252 45142 11746 10321 8988 11903
1 1123737 86519 12212 86512 16247 14941 16684 11131
1 30566 26013 25898 55690 7463 17436 16769 12005
1 22738 9166 2182 11048 3487 5861 3256 2864
1 135422 19538 1531 3003 1950 2446 3400 657
1 656094 61124 25556 22237 9662 4469 5244 4665
2 1820589 55237 11779 100079 12244 43987 8240 12604
2 414137 18036 7068 15760 6745 4575 4930 4552
2 60604 31211 40053 36014 14848 35609 28988 7083
2 17295 7287 629 40820 1961 15628 3276 3738
2 46958 46132 7090 132554 23615 11886 28875 11379
2 81705 14874 2117 20447 957 4943 3211 2832
2 830452 134785 53373 28211 18250 26394 13498 25936
2 16486 25370 4400 93395 9031 24676 22805 12197
2 489321 87989 21448 87846 22522 11256 40068 18315
2 89780 16165 1753 9552 8575 3554 2830 5516
0 1818661 177032 43586 18960 9082 22121 29251 15873
0 504204 193725 9331 53760 33530 11958 15962 23067
0 21257 8064 13746 9060 3210 6121 5555 712
0 1416358 147796 15442 90321 20542 23881 8331 7122
0 86764 11347 4428 9714 5522 4457 2498 5061
0 42394 31402 5396 45668 12673 29024 14345 10247
0 104045 20361 1100 9508 1671 3564 4325 3479
0 69179 19840 90571 59746 20736 12226 18852 7815
0 48123 13908 1800 8016 12985 3624 1488 4026
0 260856 22670 16678 20784 6873 2749 1906 4090
1 101437 22164 766 2212 5513 4931 4280 3625
1 326741 32837 39724 5199 44272 17350 13601 16021
1 1172892 77738 44486 33446 30870 23215 12798 16697
1 157074 12092 1383 5927 3845 10701 3188 4242
1 104981 69750 12650 33741 39414 20564 23219 22383
1 84268 6875 5497 12072 4138 3939 3826 2029
1 899876 55616 11633 124580 18717 17447 53030 12005
1 157148 260800 63681 18834 25974 16736 31248 10955
1 1607249 147412 91922 39758 29112 14736 9260 21004
1 959682 119480 10570 96387 26550 16489 23991 21746
2 213199 53074 88903 57526 12818 14684 16765 9280
2 837393 236037 41835 77746 26455 34611 16885 9306
2 231458 93171 63797 37113 6096 38405 44775 24040
2 58007 14412 13449 42199 7387 19291 20202 11306
2 771237 361581 4836 46799 6454 29604 13856 50597
2 60905 62054 779 12529 6588 8676 4625 2041
2 331738 73578 27240 204064 12657 11532 19083 15169
2 1648878 190295 130086 13157 21096 27394 37471 25756
2 132240 35992 11883 30868 9382 17343 10455 16924
2 383065 125031 20614 22032 30215 24817 8951 17389
0 780710 174404 6348 43744 30855 31053 19406 21368
0 72349 37290 18966 19097 44867 21172 19746 5636
0 126846 35412 17789 8433 12230 30903 9780 18003
0 22656 17206 31224 16229 29809 27924 8201 15220
0 166305 48390 45271 4312 27970 10030 8504 15482
0 28316 12599 19231 80713 24683 15560 19632 6171
0 59369 55035 24932 21121 41468 9116 11393 17478
0 42543 12034 16843 13252 27897 15182 13645 17142
0 21937 21596 17517 22433 37882 19425 19790 14290
0 200834 139589 11480 30356 24181 13509 9552 18924
1 100946 14693 4177 12820 6761 5174 3150 2920
1 63729 45162 1373 15225 20316 18642 12863 21526
1 106195 4723 4898 2161 1279 4659 2484 766
1 871253 66658 11674 53454 13226 13728 19627 8914
1 498113 185503 19207 33562 25180 20626 13707 10585
1 43906 19391 8670 5838 14769 27136 12975 19435
1 54314 7513 16505 42971 25841 22505 16382 18718
1 34616 40586 20971 17573 15269 32370 24153 14397
1 42516 10033 10305 16653 5608 4605 6371 2389
1 1732032 139614 9345 40354 31863 13817 25130 23226
2 18349 21212 8504 43097 24794 13851 27791 26946
2 38788 121599 52502 11693 22992 23375 36924 22580
2 22366 15429 33512 33981 7145 18517 27033 37057
2 161282 349391 24307 43904 12681 12479 26324 25471
2 968671 36088 1008 12587 5370 4480 11122 3680
2 293146 10807 1318 2660 7307 8730 6887 7908
2 1927222 125407 1401 54825 15106 22848 36243 14956
2 662630 134291 59178 27070 9407 19203 30383 28700
2 1980378 61105 35285 38620 32356 17552 19921 12658
2 1092953 131912 12677 50060 20927 28162 18132 22657
0 66414 10319 8227 6742 2044 4392 2384 3132
0 125488 21485 11553 16879 7628 6451 3858 1458
0 586406 68440 6320 71233 19626 14463 7952 8143
0 385326 135986 30551 19752 16115 7876 14967 7955
0 1000717 73677 3584 16827 5237 3228 2563 3485
0 41473 45775 34979 20422 21178 12152 13068 9116
0 13283 18253 14923 16524 33661 18403 13114 8530
0 866640 64147 10769 59195 32346 17322 12898 14722
0 460209 44224 18310 16804 41369 26786 7876 17931
0 185402 4610 434 1006 349 546 730 461
1 181587 44453 48464 11849 25970 34976 23788 9119
1 9840 28680 33074 11477 17294 25529 27898 16915
1 9958 30765 22707 123011 27121 23509 14559 8533
1 471432 70474 16999 35566 33882 13889 9332 18673
1 117131 36787 35697 7287 24521 18566 27128 23482
1 28883 30708 2153 10087 28297 56569 32120 33099
1 22671 23754 17883 39554 14068 27772 29528 13892
1 643251 12039 20036 34192 11707 22319 14568 12963
1 58303 6476 2067 6002 10198 5152 5444 3277
1 31797 50568 25176 15360 26737 22520 12792 14800
2 37648 8487 17607 93215 19160 8930 16980 4491
2 163015 79125 696 9468 32083 34803 9142 5366
2 447548 72255 15550 25203 58648 43952 17503 16346
2 2353896 247386 64599 67800 22061 71103 22181 27498
2 335593 94857 77235 51779 17809 46900 15557 15826
2 89086 45307 27725 65962 37505 24219 16805 18325
2 837319 54266 7702 42884 15156 16704 13311 8116
2 41048 64685 8328 41298 20595 16243 5368 8951
2 452633 113896 21893 70128 20293 40400 18906 6947
2 113692 13651 8700 9689 6822 6381 2364 2794
0 8025 20385 13882 19851 11112 19656 13376 7692
0 85230 12399 10248 37539 36374 19791 13807 12008
0 62664 30965 14705 7301 10607 17012 17365 9681
0 19928 13143 50716 21098 10983 10478 11659 10786
0 41443 23002 27239 38798 24291 30678 22826 6338
0 50030 19400 21411 27449 17007 23472 8884 5739
0 33119 67932 30131 25152 35452 17901 13050 8826
0 37643 68378 23490 31352 3597 10174 9782 15230
0 30714 24317 14538 62309 13751 15763 16058 19472
0 61061 8106 1979 14710 6072 6799 2122 1977
1 76141 26062 10448 14449 22945 25987 11410 15653
1 98815 6201 3059 22233 4837 5858 2451 3447
1 291021 180952 38853 32337 16273 10898 14650 14089
1 46424 57594 39032 59395 14231 14844 12436 11557
1 105588 11691 8635 8609 1073 3877 5635 3190
1 187757 87745 40426 4324 14051 33257 13246 6617
1 26462 24693 20201 30892 6174 19858 12727 6723
1 66735 30610 5863 27633 8111 13830 7540 16525
1 14685 28747 14265 41017 11796 18608 8993 9390
1 460680 62374 29545 23547 82581 18348 15747 14204
2 185622 48939 12749 17067 8353 4459 4825 10929
2 103644 11864 5609 8652 3214 3314 4925 6107
2 726718 104602 16880 68813 20833 43407 25605 9328
2 39702 48093 20995 19439 14650 12196 7259 18271
2 415268 33120 14121 32816 18944 37202 7375 8929
2 99591 8983 1361 7433 4511 3960 1964 3155
2 59845 45546 2637 62366 26508 24392 13294 11385
2 86426 58468 20393 55270 34090 25058 37141 6500
2 40781 39642 40709 27384 32694 5119 18345 6074
2 53622 32777 37950 59678 12732 14759 10109 8205
0 7146 18308 32434 60257 28952 12032 5063 11212
0 74150 9615 16811 9829 27356 10097 6011 13645
0 19690 21935 23501 18268 8205 7715 8534 6799
0 11998 44186 9212 17868 26622 13884 6490 9849
0 31279 28690 3632 3212 37896 12949 9113 5190
0 461922 14721 2183 3607 11135 4896 3145 4728
0 53779 48431 12441 17700 19236 8126 3496 7053
0 33005 18138 51885 29223 30203 8767 3219 8828
0 13535 37766 15592 30774 14211 16344 9369 23917
0 53246 17737 13878 28626 16312 14968 16618 5294
1 14936 25505 34094 18288 12343 21459 14459 4884
1 256739 18112 2595 14335 2934 3442 3605 2773
1 64538 28682 13746 19194 22984 9147 15234 10941
1 101159 62335 4016 28109 18285 20380 7335 6235
1 43834 30639 23531 58616 9153 23074 16905 9509
1 24483 19657 40612 4926 23034 21796 18838 8068
1 59971 15258 45207 32634 13138 11210 15452 21773
1 13922 30905 11517 31235 20651 17931 10631 7445
1 17917 24303 16354 66840 43618 17408 5379 9847
1 46450 5138 7494 25297 4802 2673 1834 2190
2 33321 39939 13442 94600 5802 10689 15786 11409
2 167743 64151 3360 18425 14177 31883 21465 15261
2 41315 29250 77835 51813 16715 14304 8686 9818
2 65814 68974 13712 45034 24133 48627 9265 12055
2 60449 25760 49733 15793 51306 19561 12509 10729
2 16411 73409 28951 38257 16280 29582 13051 16334
2 77862 46913 32329 32269 40176 15263 26563 7914
2 13488 46120 8021 45774 11454 25728 27563 11664
2 90512 46703 18393 15225 37798 30903 16194 11353
2 505682 45437 34932 49888 17060 31609 29402 14076
0 387190 44966 14473 48830 11243 15260 5692 10597
0 42685 40260 26928 18793 21196 18336 12117 6759
0 28328 34063 5643 63562 35146 23261 8288 6520
0 31537 29983 45168 37760 55028 21670 8215 5899
0 465127 94982 60045 47782 27519 26659 6544 5011
0 88714 40115 39268 27074 26766 13130 12321 7047
0 560293 51146 52758 88330 15411 17308 12809 10370
0 14018 19565 29900 7839 8023 11635 12057 8593
0 21813 22461 25903 44674 10243 16563 17481 9748
0 143545 11502 10818 6049 5533 3278 4507 3233
1 13006 9597 2406 7132 4060 6817 5187 2323
1 46598 47905 47723 13350 18408 17207 6639 5747
1 14900 18684 32670 43661 20226 9285 11799 6561
1 99955 5701 4509 6294 4565 3765 3653 1775
1 26411 27044 28264 55085 47625 32582 8421 14057
1 43256 42215 43876 48678 37958 54081 9858 7092
1 524197 29059 78688 18644 48281 12388 11907 11277
1 373234 54835 52068 45299 21234 10196 4570 6972
1 26990 52564 11023 61782 18644 25248 9636 9122
1 24550 11348 13746 10950 3988 4987 2529 1188
2 1911052 95298 22556 29100 25686 24636 15338 11224
2 157446 26681 4536 20057 1785 6583 2544 5023
2 69920 13719 2240 15053 6332 4092 3513 2593
2 23976 92504 64811 12560 25927 33037 22685 16282
2 44979 75976 16261 25969 5688 11658 6418 7162
2 100333 4777 2685 7936 7183 7601 1789 6563
2 12037 22947 11025 13926 21369 33521 24787 5327
2 119471 24351 1763 9246 4624 4686 4109 3144
2 305293 62119 15941 9964 22289 39088 55711 9778
2 191780 30322 4365 21921 15308 3516 4262 3708
0 227657 71450 3681 14809 25470 23647 7098 5416
0 85900 16755 9395 9308 13650 6938 3305 1643
0 47724 78444 30003 127671 34881 15335 10400 7917
0 28565 19783 29887 103038 18491 20210 4444 10140
0 1267516 193726 39450 20306 51168 11172 5293 26723
0 133876 97033 90828 19850 18527 12698 5065 20217
0 27465 54342 6141 93902 50992 28668 6917 2514
0 1040760 131803 18702 57913 15685 8706 4187 18459
0 23603 27241 9356 38941 20422 19524 3988 4201
0 5140 56149 65456 87692 37576 34264 8804 5114
1 76368 55582 20681 68976 24979 9498 2919 2914
1 33025 42805 63932 23152 20762 7942 5153 1732
1 345726 155718 35793 34648 28293 8940 3502 3225
1 238711 12385 9884 6977 7099 2296 1789 672
1 5328 2597 13830 32524 7448 3789 706 423
1 69642 74855 92660 91466 25880 15101 3799 3100
1 33653 45131 27105 115828 13741 6708 5615 1509
1 247093 79470 63539 155821 27407 13466 3557 1937
1 267323 63022 69312 73076 49933 11223 2646 2103
1 323938 57513 8055 58977 10291 10838 3398 1986
2 92093 49994 10999 85347 29179 20125 4835 1942
2 26315 28999 13586 61739 19325 20218 9061 2518
2 14452 28352 39364 24244 27347 10039 8226 1806
2 16540 31453 35050 106483 11251 21487 3354 1209
2 446382 66304 42929 42883 30277 28813 7530 992
2 44266 51190 21930 30360 19132 13727 4352 4059
2 29056 76753 26121 85966 17767 15127 6379 2070
2 151892 49352 211123 103448 43701 8757 5288 3205
2 43362 30927 38201 10668 19947 13628 7090 2528
2 28152 25414 14820 27187 11737 11526 4944 3083
0 72384 10095 57812 49344 23693 13086 2907 10393
0 20853 21542 25832 37110 39863 4934 4546 9866
0 474025 36510 61805 63809 22143 13164 2801 5096
0 26454 32002 47853 28967 11838 11087 2881 3596
0 36927 27029 13702 81217 31924 10354 3925 5603
0 320107 8642 6519 16314 5992 2060 747 2167
0 16901 14681 5973 14587 4139 2413 863 852
0 25566 30263 46017 69122 26631 6957 3943 5089
0 524052 66596 57458 104914 9088 10981 3503 1589
0 27966 8623 38138 15743 6240 7020 2088 7092
1 15875 29177 20506 62671 17898 11945 4121 2503
1 48106 37808 40660 104806 21831 17603 1783 1964
1 44573 61364 36049 7950 14625 4834 2359 2103
1 32783 42036 19092 25451 5444 4310 933 1912
1 66423 12196 17517 17718 24645 19719 2157 2116
1 151122 27340 16965 24763 26519 15125 2129 2381
1 5107 3923 13980 15639 4833 4416 1460 950
1 54576 14464 82734 82826 13541 8289 1619 781
1 53199 49723 32865 88967 17291 4596 2300 929
1 71677 56629 66072 73586 10502 11264 843 2085
2 10242 19603 8128 84608 27122 12101 4467 7433
2 29527 15933 35794 44498 6944 33497 3429 6390
2 25297 18180 135657 93871 5482 17114 5323 4309
2 62903 27133 12681 72972 20748 36511 5979 2451
2 41389 23476 16299 270393 16092 12765 7141 2111
2 37747 35547 14410 28879 7081 15528 3086 2247
2 34578 30805 11052 63772 5696 10803 3219 2415
2 31147 29403 8680 48875 14078 10404 2333 2758
2 92656 40114 98835 45054 21072 7429 6872 2125
2 1343 12750 19742 37420 10835 12384 1416 3159
0 14848 19738 43805 101086 24804 12246 3772 4796
0 22688 21593 24601 27013 25510 8103 1401 9056
0 17700 30848 59342 30917 38303 8258 3435 3524
0 62664 47550 18604 13914 34689 7073 1208 2067
0 70553 21136 7247 14803 22594 29769 3094 6380
0 50124 19382 6343 3841 20766 6935 2333 2961
0 14997 23582 19992 57820 18333 7488 3216 3268
0 20315 22803 30324 42023 7865 26948 5538 3634
0 17435 15634 12274 28302 16392 6413 1238 6047
0 16612 21490 42820 44040 12332 24621 2698 5535
1 9826 40561 9381 52831 11366 8760 2183 355
1 37547 24199 33507 11677 8202 6081 3171 2034
1 28170 21542 6167 57733 10905 6217 2455 2358
1 41304 45213 32622 103594 12419 9849 2538 1180
1 14023 55366 20727 68505 15408 4355 3352 1715
1 25074 16297 49388 132562 40436 4771 2783 1058
1 40399 10544 30334 60222 18360 6998 4033 2010
1 49253 33085 15333 51784 19397 6633 2437 1080
1 84413 67279 14250 203080 9241 6908 622 2018
1 42020 5805 3122 37518 31990 5339 5088 1216
2 30067 5035 19088 157169 5260 8561 2955 3218
2 29576 63880 15796 32057 21274 17805 10212 1446
2 49971 57265 8118 82011 13941 7017 9389 2256
2 43467 29672 5229 26037 16960 18579 5730 5467
2 21933 22018 7616 70978 11207 4415 2627 8265
2 24648 59088 16632 89025 18034 10443 7914 2421
2 44048 30152 63234 66134 11545 15410 6380 2592
2 29394 82263 34633 45568 10582 10030 5272 1037
2 12545 14921 1576 17763 3043 1960 1397 720
2 33136 19393 15936 31297 9191 7570 9952 2815
0 6493 46045 14437 86019 16785 13939 1475 1456
0 196035 91935 10210 98520 55981 7392 3821 3648
0 99231 24367 46438 118901 29926 9903 2144 3372
0 39291 24928 8417 75105 30881 10135 4721 2171
0 16981 34831 3858 31619 14902 8133 4102 987
0 74754 26581 83674 62738 34906 8307 2257 1940
0 45638 48710 32660 21211 43294 12434 4146 1165
0 15625 25514 28456 74869 18196 15611 1801 2964
0 10429 42547 21905 19418 29144 10035 1744 1663
0 30867 40018 29563 72124 20427 12667 2612 2241
1 152493 144253 97261 65801 7302 6112 1473 2340
1 25453 11846 42694 104157 26222 6173 2237 1367
1 53666 17782 36144 16799 14826 5371 3828 1661
1 59041 46648 13095 36816 40946 10127 3123 1640
1 61770 5223 13695 63104 11875 8288 854 1137
1 19473 63742 233176 46942 14944 13389 1538 2707
1 33409 20409 85540 228298 34291 13541 1337 1223
1 25385 32016 73528 105709 59972 5580 2084 1781
1 8401 32880 39469 72678 28001 8333 2206 1264
1 66774 24055 19329 14507 7359 6131 2805 1382
2 26830 12429 11062 180812 14173 8491 3046 3223
2 43152 11159 59204 68896 19757 10606 4283 4429
2 66048 38535 15144 50591 18810 6910 904 3066
2 27836 17151 10021 48076 15949 14346 2440 1976
2 17793 18195 18480 74689 13926 14522 1283 1441
2 38627 29230 54027 32602 10028 6169 2091 2468
2 56256 9743 43165 114326 20455 9728 2484 1532
2 96730 22129 17314 91352 31971 7150 2488 1529
2 34548 39686 24305 28942 16390 12972 7659 3698
2 26766 37058 50876 56813 37710 7483 2710 2184
0 21392 22772 24368 243136 20074 13724 1427 3317
0 22888 62646 24832 15474 45024 24233 4453 5102
0 34181 7275 46713 35281 12488 9670 2445 11157
0 51369 64016 26017 41036 15108 10742 2394 6733
0 36942 26121 55950 55277 8287 5574 3513 2518
0 51696 45490 12290 32796 54845 10500 2402 6699
0 24465 44410 9576 20209 32255 6065 1027 3110
0 22641 6953 18744 6259 13044 5560 2283 1772
0 60533 30950 44610 49505 26525 10251 2285 1580
0 49311 63947 10048 4656 51455 10888 3657 4802
1 98119 13537 3409 12948 7553 2634 466 606
1 78436 17823 11722 24547 30244 7685 1834 1410
1 23113 33857 4200 32367 12421 6128 5484 1395
1 41529 22213 23822 166900 24252 9723 2869 2776
1 26294 58440 6066 60469 22210 8978 1923 1929
1 25251 42573 29421 25390 8479 3426 2659 1072
1 43539 80932 40005 77978 8745 13018 1372 2417
1 93472 6380 9891 48241 7031 1610 623 420
1 18466 11366 58251 362664 10231 12300 3553 2345
1 95253 4309 12444 18674 3463 1838 706 300
2 22435 42304 19344 97202 44652 17832 8188 2964
2 111340 64455 11754 108350 20131 8497 4473 2793
2 21564 23625 8459 114070 5430 9141 2750 3807
2 46660 46003 6529 48639 6866 12315 2752 2237
2 38665 42540 1851 41279 14281 17823 3495 2744
2 40893 41978 40814 34623 6225 8242 6812 1396
2 74226 24999 23164 21602 15200 8344 2626 3336
2 60509 30513 12864 41722 9083 11784 2683 3079
2 26573 52486 12715 57619 6861 6118 4479 4442
2 8314 30099 7497 18999 31148 7315 3184 1283
0 16772 12758 8787 91381 12257 10369 2311 1583
0 57410 25644 40173 136432 50659 9329 2814 2519
0 33333 41108 16102 42332 16343 16625 5895 4672
0 11142 18016 40319 21123 28225 10187 5853 7791
0 19603 36137 34627 22824 17042 8963 4141 1642
0 19126 58567 29932 44245 37384 14339 5139 10885
0 24328 41391 74519 129330 29516 30691 4006 12199
0 18218 53356 33679 24504 16804 17885 1402 2837
0 72623 31990 38899 111214 16123 9637 3949 2024
0 257315 14590 113665 86958 16908 12144 2419 2242
1 87199 23899 15427 17488 20190 8693 3098 1615
1 47399 38649 11699 31652 19496 3995 3603 1149
1 172572 122287 52387 114600 16475 12080 2922 793
1 14738 22417 26449 97637 57537 13464 3978 2667
1 7908 11576 148620 175162 29131 4834 2947 1862
1 60692 38266 25030 68714 17269 8587 2276 999
1 4373 19348 55720 123746 38777 13450 2827 1461
1 66346 55840 19868 68608 14559 4875 2360 1502
1 32598 15992 4737 16817 11404 3353 1663 1589
1 34132 42966 6609 15756 5676 3899 1865 1378
2 128764 50600 3120 13805 18958 9011 2284 1927
2 21367 31576 4907 30013 31966 13394 2523 2437
2 44413 61209 20202 14914 40779 25297 6639 2156
2 35104 14815 31852 39404 9564 15544 1982 2479
2 28901 24132 2919 34469 16307 8087 3848 1951
2 39384 37361 15108 46010 11567 5772 1889 3231
2 24776 61078 16204 24740 18476 4289 2607 1691
2 76192 40075 9807 17471 14856 7395 4468 4264
2 40023 38664 20535 53676 14181 5827 3476 1642
2 45884 47805 48848 15701 20934 11619 3428 2251
0 12293 30205 57750 12016 20453 12483 1705 1515
0 12924 41415 4003 36992 11941 6855 1891 2281
0 23275 78225 13987 10718 39698 7423 3198 1382
0 55375 22042 29466 6079 31450 24434 1204 4411
0 70879 50124 26436 28077 34471 9679 4717 4476
0 43676 45000 20965 23900 16376 6261 4243 4678
0 53959 55308 20831 46094 18352 5088 3337 3858
0 14381 9282 15157 71759 9085 11155 2019 1822
0 29660 15233 65022 150094 7568 9296 4877 2435
0 21653 27670 22003 58466 10723 8666 2608 3830
1 19340 31766 23325 76865 18908 5474 1085 842
1 52241 29279 18596 27690 10153 5840 698 2233
1 13123 38569 9446 94339 11585 5305 2211 800
1 28062 33557 5279 51574 9151 6892 2481 1550
1 40594 25742 51716 50047 32524 4550 5238 1004
1 179334 83406 1932 55062 13160 4987 1201 2615
1 659199 15416 39510 36231 9173 22040 2773 2007
1 44227 16877 24420 121733 7791 8008 3209 2230
1 15115 25357 16991 190978 7796 9982 1723 1784
1 8533 32868 47147 22904 19435 6634 1211 1495
2 16174 86842 23209 21268 18653 7751 5991 3084
2 33450 17846 24604 47416 5522 12733 5281 654
2 54141 62323 24465 34906 26576 10804 7223 2615
2 49558 25225 3127 48516 27579 6343 2730 1555
2 49052 21977 19575 22725 15951 5930 5181 1419
2 11848 66625 48860 45732 7436 7405 3015 2331
2 29180 21707 29953 11196 17182 15167 4201 1068
2 577791 19309 28856 48296 11680 12740 2488 3611
2 30231 32294 22725 69049 11969 7231 4152 2010
2 6394 44374 40294 68340 4146 13393 2533 1957
0 15552 48276 24062 49919 10523 8527 4063 1665
0 17742 64406 37286 169979 29146 6378 2616 2460
0 13380 7134 8895 58241 57054 7953 1648 3241
0 585258 71629 8440 101067 19378 10013 2403 1972
0 34365 30291 51811 30700 30636 12419 3302 2453
0 41882 24382 43558 56972 21917 11769 2509 4279
0 15313 21985 53132 46469 10324 9354 4866 4562
0 27024 40717 6094 45556 22922 5567 5265 3869
0 55689 36622 59152 17855 15376 13453 2795 2678
0 33028 21383 21089 7888 14424 9374 4916 1854
1 16270 35206 12138 17566 10116 3787 6726 1847
1 20122 23906 24009 11644 20710 7853 1603 2106
1 23355 19394 25183 20478 13537 9022 3001 3278
1 101032 14552 16721 29232 37036 6545 3152 1247
1 23730 20999 15343 26062 10339 3550 3315 1491
1 45813 31478 11437 39012 27655 4881 1717 2315
1 32317 20500 13134 55812 19107 4169 3122 1221
1 36897 51104 20504 20375 7779 14120 2266 1207
1 51090 35262 25954 33717 8283 10409 2961 1078
1 27807 17302 20972 42209 19543 9984 1272 844
2 59453 48625 11094 38295 11861 7201 2706 948
2 15975 20305 36810 24668 10006 15760 3589 2554
2 12266 45242 30722 58734 42906 12305 2160 3453
2 22199 35660 12340 31955 20050 10651 3318 2625
2 18532 53690 5294 58559 13016 25175 2610 1712
2 44968 48381 28789 28688 51096 14953 3711 2536
2 28158 73627 38779 41577 28339 13704 2868 1417
2 31544 52256 55694 39066 21525 10359 2076 1817
2 14537 48950 23863 79331 14744 24385 3598 3615
2 47838 75159 36828 38458 29219 11780 1167 2806
0 41936 20258 31552 99590 41892 8042 3876 3000
0 26406 29427 41296 49831 13335 8289 4428 1790
0 78647 13878 39957 28502 12052 5607 2206 1714
0 60677 9429 48205 10555 39156 7696 1156 2344
0 72184 5575 53734 75396 19770 15385 3265 8295
0 19152 32449 46425 90963 8128 7640 3180 2060
0 18471 32816 7379 1944 20029 4209 1923 6243
0 34547 52630 4264 17201 11962 6319 1953 2285
0 29366 25124 44699 28164 26509 13098 2773 2398
0 32802 53991 65619 18779 25352 10327 2481 1052
1 39082 17786 43256 68027 29713 6041 1336 1055
1 41689 26010 7799 41105 22860 9041 2700 2212
1 435434 52867 32067 65428 36773 5291 2377 1656
1 75384 27817 11160 12813 3746 1136 305 356
1 46929 42098 30243 129528 14466 19422 2618 1006
1 108048 25126 54970 40118 28800 5425 2367 1303
1 31754 41522 52769 25042 31818 9407 2701 2166
1 18883 30503 12701 49524 18871 9877 2811 580
1 30796 46166 7632 19022 30280 8150 993 3295
1 92093 16185 22632 83855 10678 6855 1581 1429
2 32102 28846 14838 18394 12190 6647 3985 3328
2 32660 43737 55044 14969 26038 4264 3142 1356
2 56868 47756 32483 38320 17010 18924 2965 3017
2 42852 55488 65049 41180 9390 15769 4217 1926
2 44993 10246 53669 157822 16763 6311 4754 2687
2 10969 36822 48616 26065 15182 13163 2279 912
2 12043 32914 8555 33429 7890 6818 2457 2653
2 26960 31876 10396 95108 7648 12942 6699 2559
2 67252 6913 7853 24638 6577 9206 1915 603
2 17255 23296 19706 72317 12703 20723 3557 2417
0 64200 74780 10881 52448 14295 12915 3581 4106
0 72193 34586 50766 18881 32666 5888 3417 4931
0 61778 16763 7562 65180 21912 10440 1942 4249
0 548463 49491 10565 97877 38051 5779 4579 1339
0 16182 23094 24436 7752 20776 4785 1455 1358
0 50726 9440 2316 24926 36167 5120 2905 1644
0 51675 46983 91917 43013 13606 5831 2370 2472
0 61932 23916 54213 79403 11897 7537 6430 1268
0 38438 60933 38402 17039 11891 23349 2135 1492
0 25735 13001 13792 37789 8153 6705 2666 1768
1 96793 132442 13838 31256 45338 7878 4602 4162
1 9962 80893 51416 46230 14432 12034 3555 1628
1 19914 71978 4481 67974 29931 5876 3067 1540
1 42348 25131 28384 49004 32643 7976 1525 1009
1 43123 11059 18697 41585 23232 10501 1593 1582
1 620488 29347 15617 139526 20002 6003 4465 987
1 10799 31866 58805 113926 33216 7250 960 2954
1 21316 28231 48807 33919 25857 7129 1346 1843
1 112005 61928 33348 56702 25080 4832 4757 2133
1 22920 15207 6559 8819 12187 13058 1589 1080
2 24366 22093 4135 104368 15460 12194 2747 2149
2 28452 53443 22807 26041 18697 12145 7210 3125
2 66902 32620 16965 16548 5802 11085 3156 2092
2 44245 38227 28744 15207 5813 11091 5281 2345
2 19258 35586 31723 23443 9235 11998 4628 2443
2 38766 20231 36201 46396 8921 13835 2864 4971
2 70261 66034 24072 57685 8888 6020 787 5781
2 42609 29968 24729 21490 3999 3803 5485 2712
2 9512 36390 20384 4033 24163 6631 6525 3485
2 85966 58714 18788 21487 18153 15894 3805 2491
0 33982 58692 16638 9510 17441 7985 1662 2722
0 135174 46657 22438 43114 24383 11117 1945 1201
0 25931 21095 27799 52086 38183 9584 3761 4913
0 78408 36751 1244 78266 43259 11834 880 1209
0 69870 16470 13356 16297 2927 1966 1767 678
0 32646 29546 18303 25221 62084 10082 2836 1986
0 77140 36220 55444 68449 12743 11061 2876 1888
0 39276 27895 22113 35201 30866 24258 4908 1787
0 43191 22785 29004 13230 26961 23103 1991 1305
0 45700 73158 33979 81385 18279 14754 1612 3809
1 28264 39847 26618 110644 18465 3663 1658 2530
1 46373 30119 16957 19415 8982 15228 3214 2246
1 17789 16823 28504 16810 28370 10823 2748 1556
1 19215 59261 52955 20894 32894 10653 5986 1143
1 41537 45109 84617 87548 10369 5334 3408 2764
1 83278 34575 7719 71372 27022 12378 4045 1727
1 59492 28957 12104 11414 16894 9291 3171 2114
1 1290733 56729 9564 22168 28550 6340 2001 1245
1 96720 36811 29241 100636 56273 23977 4466 2638
1 95030 24771 44888 207389 18950 5747 1593 2208
2 129965 84927 45321 40547 8003 10212 8426 3110
2 24146 37953 23107 24746 33845 8887 9023 1945
2 32824 37373 21504 60295 9793 9765 1527 7834
2 25039 78107 43125 33147 9669 30380 2769 6286
2 12093 61626 20182 68130 9045 19908 6204 4134
2 19592 35990 25092 114436 8616 20886 3872 3497
2 19136 25283 13151 47776 9213 6577 4922 3231
2 55271 39546 7068 15596 10136 7589 3861 3179
2 39691 112743 571 6849 19839 11468 8753 2677
2 11656 33620 12066 24489 20674 6030 4743 2585
0 51956 38623 21034 16847 19539 21352 5118 2504
0 63352 19151 9513 12244 25287 5232 7460 5287
0 37874 41846 20982 68241 71444 14201 2886 2605
0 107064 22202 68823 19291 37735 15157 2788 4650
0 26911 13330 27279 16426 44715 16248 5611 3490
0 42830 15751 11250 34447 24727 7692 3050 2121
0 28048 43403 21436 47334 14088 20465 1843 3757
0 36578 57692 38198 56452 28289 8332 3592 1378
0 63159 19549 23475 31342 31270 4926 2758 1676
0 104002 12445 5236 4033 3462 871 560 1433
1 81173 136709 20943 21636 21819 6869 4664 1321
1 34495 51385 24134 38909 45666 6386 2212 1194
1 40648 9411 64803 32928 14239 21201 1443 1427
1 208302 54034 131399 53116 17057 5771 3199 996
1 26643 44166 10305 9966 23409 5324 2112 2526
1 81812 49870 41504 52966 8487 15054 5695 3103
1 71424 12107 95058 286606 8272 10628 2421 2846
1 502110 169308 58778 151705 54616 16398 2314 2250
1 32364 7343 41679 41939 17453 3433 2787 2189
1 162225 4887 1365 15855 2814 1659 729 702
2 27243 7951 7432 186493 21652 9516 4964 2701
2 15110 41118 2721 96658 6793 5749 8075 6149
2 27121 43090 26376 85837 5308 7470 4593 2270
2 7960 21136 35821 42856 17365 10901 2008 4349
2 106192 42528 14488 61819 20481 18875 6158 2050
2 4741 28361 38537 29107 11788 9312 5095 2607
2 26953 59283 63272 79713 8129 8311 5930 2109
2 16457 13133 5867 12522 20100 9327 3908 2938
2 34032 32042 11592 58825 9168 8917 1982 1897
2 25774 44988 33236 40154 17061 13363 4284 5616
0 53796 23795 36501 142191 37942 15411 2590 5781
0 35861 33948 52785 95546 29036 5281 2185 4281
0 68857 12306 21327 45133 28122 10937 4293 11268
0 11847 40907 15366 29365 34645 14188 3506 3493
0 13266 16578 23371 31442 17129 12322 3521 4992
0 7900 59069 72714 155688 13421 10763 3735 6792
0 47136 60071 20016 93469 21976 9693 2290 4326
0 24499 23343 17502 7333 16642 6578 4322 4983
0 46459 44991 17396 22413 13368 19419 3552 4263
0 52385 55591 9688 42388 27430 5771 1729 2827
1 30672 46155 8585 21083 6447 4432 1704 1015
1 10074 9049 19372 25355 21937 7181 3347 772
1 54445 20276 20750 31950 15602 6726 4191 1508
1 38058 16999 16700 15477 5943 5388 2915 1538
1 12334 12643 45757 91549 8248 8692 1825 1430
1 868075 187476 69846 468580 50657 15560 2714 1422
1 27111 26289 70472 35063 14785 6042 1969 1396
1 49167 17914 36541 22127 6715 7161 1228 1945
1 71214 32532 42033 9993 18764 5618 1942 2290
1 11446 23479 12815 43432 10509 4970 1300 1731
2 57773 12576 2514 6262 905 896 819 1963
2 8713 48625 25721 53348 13249 12854 2421 4852
2 18362 41494 8839 112258 10230 11343 6555 7200
2 42343 56181 19425 50942 14769 11008 4538 4405
2 50636 13399 8475 97672 13095 7222 1709 4990
2 33638 22465 31234 57299 4676 7655 3838 7375
2 59882 40000 3947 66737 23722 8281 2438 2423
2 33236 21846 14253 55283 11047 6587 3977 3570
2 43402 45595 9925 64670 14585 8321 1320 1778
2 11737 38371 8204 35682 8009 14938 3478 4237
0 51691 43787 1483 20018 54976 7086 3615 2911
0 8420 27184 44067 38017 41711 14247 3091 3137
0 32219 34993 10873 63524 47550 2849 2664 2240
0 45169 29675 10689 41589 41544 11429 6259 2844
0 9488 36782 26303 68588 84389 11145 1148 3125
0 18522 33676 27046 66096 18760 10177 4830 3804
0 52063 34019 53273 36287 26011 10918 1958 5044
0 54552 30844 31346 72015 32354 4251 2945 3708
0 47932 44376 8467 66728 17117 7155 1878 5548
0 84264 55562 21476 28457 13877 10397 6680 3249
1 41361 52725 16212 15481 7768 3804 3404 2539
1 31316 34674 12571 28512 13351 3428 1919 2093
1 77708 16365 23023 30502 12944 2845 2707 1652
1 124687 64097 12439 23796 16000 9601 3124 1792
1 20135 26090 15201 39387 21694 8809 2232 1775
1 20883 21424 2930 30588 11467 5520 2053 1905
1 1141867 30996 52527 29843 2778 2733 859 239
1 667865 140689 52533 261099 24439 2955 1643 2418
1 100173 23376 79158 64722 13990 4480 3626 1876
1 37327 55411 48121 140293 6815 5722 3496 3058
2 105096 14863 676 106731 9407 13670 3278 3565
2 14066 23976 31526 93589 8116 5197 4049 5712
2 23778 21354 16256 189576 8002 15798 4305 1589
2 32660 21996 23877 66503 31746 17009 9234 5466
2 34154 39013 36006 123654 12072 6898 7208 4248
2 18673 45334 23857 97340 11671 13566 2156 5105
2 29667 16459 20743 34997 11742 5469 3776 2353
2 90807 35531 18554 30983 12406 9656 4051 4251
2 18793 11186 14136 45408 6186 7097 7177 3804
2 38590 15076 6362 14510 8514 6528 3179 2911
0 76748 23887 20359 229106 57680 5127 3830 1619
0 28765 39803 27015 31083 22003 11584 2807 1736
0 38206 20860 15432 6611 42767 6120 3113 2292
0 32878 43648 4826 8236 31140 7357 12244 17468
0 39261 27732 15620 34324 42166 7842 4234 4120
0 78586 18232 8202 1727 33695 8555 2579 1782
0 35624 8379 19429 30132 74036 8315 1227 6830
0 79840 5685 3660 22901 3128 1595 706 1598
0 14725 52083 27787 17997 46156 7521 3087 4408
0 65460 24826 1785 11414 3307 2488 726 397
1 29105 35475 34877 18279 29078 3988 3532 1472
1 19404 19084 12298 56328 53797 14438 3180 3372
1 71603 36518 35845 31192 14560 9185 4116 1390
1 11928 43519 48130 83630 14022 8295 3630 1224
1 35778 42729 178432 82932 19281 8780 2054 2081
1 15752 24564 89198 69337 15824 3309 3779 3294
1 54254 44591 2193 28932 17463 7062 2008 2901
1 53351 14542 9222 37203 14506 4398 1155 1888
1 48624 24927 21457 36647 12549 4423 1387 1423
1 354500 46952 37694 253178 18624 8519 1194 1305
2 54661 22018 50653 171227 12158 11377 4427 6188
2 65781 99570 10970 116705 47299 12068 5863 3673
2 42799 25384 89845 88468 23081 10797 2965 5579
2 38059 23185 7302 26537 14603 7763 4167 2385
2 17090 56818 32467 102808 19241 18890 5012 1601
2 50892 21311 17111 24867 13679 6817 5123 1586
2 45395 33978 39435 75632 16258 10695 4213 2085
2 14430 30573 7654 43200 14570 6942 4781 4488
2 66568 19958 12974 23580 10544 5377 4497 4854
2 35282 51773 68092 114485 9455 12943 4320 2370
0 45630 28830 19272 14119 18557 5150 3567 4976
0 116573 119574 37647 130829 16897 19006 2114 2068
0 61505 7078 4827 82843 28261 10722 4139 2164
0 51773 17032 13512 18130 37130 5639 1776 6337
0 24515 14291 11014 10450 19898 7415 4188 2617
0 62724 29032 44604 49038 21934 7761 1655 1499
0 50413 91265 5631 97777 22539 14041 3762 1998
0 19516 24330 108283 60720 17593 5465 3656 1168
0 39806 36662 51381 9848 38391 9858 3427 1904
0 28162 30432 10281 23688 24628 6377 3013 4191
