0 30840 26567 3692 14290 7865 5442 9063 5259
0 14895 12478 2652 3824 4079 16102 2761 2612
0 18073 31219 22291 6488 2420 17956 2601 3628
0 2797 25266 6414 8155 3899 7246 3986 3074
0 25934 5900 3655 5518 4861 6035 3826 3710
0 39555 6065 6784 9770 4512 8243 4080 2116
0 6231 21054 6025 23181 2195 5084 1594 4581
0 17532 10589 5642 6373 2477 6163 16095 12151
0 4625 12255 1741 12674 8794 8403 1621 7800
0 43492 7522 9267 2719 13816 6888 6727 2064
1 115506 38988 5077 701 1368 2832 830 621
1 8639 14018 14742 3919 7754 8262 5306 6833
1 6966 11393 11482 6714 2840 7525 5196 1418
1 30548 17764 7208 9626 5058 5679 3344 2292
1 75796 26089 4164 1045 882 700 932 706
1 54437 5452 16940 6910 8736 5722 4061 2554
1 10441 11589 20020 19228 5232 5667 3011 4032
1 22008 32004 9817 18970 6142 5697 6768 2686
1 294138 20313 1892 2478 932 1060 1327 518
1 12691 30259 9867 2559 7968 6432 3442 3618
2 5711 28045 19079 10375 3966 7102 2951 6275
2 12354 43022 14514 5939 16125 4282 4612 5822
2 7946 29973 3698 10649 5604 8643 3611 4801
2 54290 5081 2189 4708 2361 5474 1385 1286
2 10242 9629 7551 5405 3029 5845 4209 4230
2 23433 11811 23605 10575 12568 5912 6116 2727
2 3377 16010 21187 12482 2164 10458 4530 2115
2 6749 12479 7959 4006 5126 9012 2222 5617
2 34206 15599 17084 16002 4452 5431 1989 2962
2 6715 5272 8414 3872 18972 6553 2124 2741
0 41058 49060 15244 6623 5337 18497 6188 3980
0 29060 9948 398 9358 8822 8386 5163 4678
0 15911 9474 8721 4508 3129 15874 2184 619
0 45690 36921 5051 3008 2710 1488 1368 1612
0 8343 7832 2782 15580 6344 5098 4592 2208
0 32160 3548 653 28566 3843 21248 1644 1742
0 4681 19593 2566 8294 8091 3367 4075 1628
0 25684 16584 4613 9856 6608 5557 1959 1729
0 18097 9028 4283 11188 5481 2727 2094 2676
0 4096 8655 10152 21055 7847 6066 2708 2173
1 45778 27022 1048 4275 1382 2068 212 410
1 4988 12972 9638 5608 7805 5712 4895 1884
1 34545 14820 12474 27000 12036 4990 2680 3990
1 15917 13264 1520 11910 7364 4816 2921 1643
1 3291 8969 11688 23323 6768 4458 1930 4281
1 19554 16926 2574 8014 1394 4971 1545 1995
1 4032 11558 4537 10081 3037 5715 1415 3834
1 6546 19087 5132 7419 5469 6262 4088 3327
1 8188 16953 2198 19612 5910 7053 1565 5212
1 64578 6710 2004 26766 5150 9628 2821 2787
2 32749 12888 9712 4086 6052 6064 2770 2502
2 32375 85987 7641 12418 2217 7662 6104 6390
2 20744 5656 9040 32039 15283 9930 4249 6119
2 3850 38817 7833 11485 8562 9743 3263 5167
2 47882 7649 9894 6168 3791 5691 1935 6691
2 11487 16307 6349 10415 9460 5973 4454 2064
2 2687 4746 9643 11599 7829 5910 3245 3904
2 9498 5614 7224 3233 5990 4296 10541 3607
2 2654 11924 7663 9140 4017 5077 2350 3176
2 27162 10590 12669 43989 12937 5630 5498 5565
0 26557 6450 7548 4251 6602 3846 2301 7812
0 7390 22531 2062 4082 8681 15163 4086 4337
0 32643 23719 4671 17178 3085 9474 2355 4573
0 7217 3429 7648 8853 1860 11175 2979 3642
0 13150 22003 15559 8377 3379 6767 1692 3672
0 12922 7114 8430 4354 4053 6151 5342 2435
0 160840 81810 23293 16456 8471 6839 8644 4872
0 8457 12473 23305 3764 9343 10888 5681 3252
0 6207 26417 7074 2565 3995 14713 4168 4748
0 41685 32155 2686 3402 12505 14213 4982 3519
1 37076 18661 7413 23512 10016 5154 1972 3824
1 4446 11847 10573 9044 6080 12060 3286 6306
1 14843 5888 3535 5472 8265 18496 2967 8064
1 43241 6166 16867 14413 10082 7740 2593 4294
1 8403 8632 13714 3844 5060 6761 2100 3367
1 50463 6836 2591 4892 3030 1220 2355 669
1 4202 7822 6780 18688 22360 4376 3933 12033
1 6020 14004 3906 1743 3479 11707 2467 1732
1 18619 21237 12535 10287 4446 13369 5405 4764
1 6366 20331 20549 8315 3773 5879 2561 5958
2 12255 10213 9805 7499 2528 14331 1485 2378
2 35504 13537 8405 6015 3906 7262 3999 2496
2 5361 4162 1447 7766 7783 10862 2453 1857
2 12870 12510 11311 916 8741 9077 5183 1809
2 21424 9948 18451 11144 12815 6527 3944 5099
2 3416 11485 5959 22219 18324 13366 2912 5569
2 20306 19067 22958 19450 3861 10670 2331 6964
2 15403 10081 11438 16574 4934 6028 8703 4705
2 26775 19409 6254 42761 9917 14393 2631 3599
2 9177 13282 3145 10241 5632 10729 7114 5793
0 8503 6640 9503 10253 7015 5281 5350 5569
0 53513 48577 4764 1716 2555 3269 612 867
0 51745 27371 1055 3206 2029 1619 1567 1020
0 9154 19005 2240 12041 9095 13405 5254 1744
0 30546 8455 3071 3213 3328 4741 2356 1606
0 14024 7985 4716 11034 12665 15965 1272 4266
0 8453 9227 8712 38893 9096 12343 806 5886
0 5060 7293 15849 20562 3483 4684 4513 4822
0 15623 16359 1705 10696 8802 10158 3861 6629
0 31842 16738 2871 4288 3674 7667 2120 2405
1 8907 19337 6686 10429 5832 15131 5235 3523
1 10389 24833 7601 7328 3186 4116 2533 5623
1 84590 17298 11625 6109 4314 1928 1244 1129
1 10878 4403 9583 4424 1241 11071 1116 4992
1 1189 16169 6820 4834 3719 11741 10493 3521
1 18605 20651 2637 9452 4561 18096 3573 4413
1 51895 23078 10850 4802 1939 1904 638 1530
1 8517 11340 18111 18713 14625 11568 5934 4130
1 1598 14301 46703 44846 6187 13663 6503 3466
1 5560 10185 12210 69303 4617 7804 3191 4113
2 17202 30376 11298 10727 3874 6817 2572 6533
2 4627 4719 6203 3396 8480 7624 2237 3633
2 12638 11103 7161 5212 2202 9113 3652 2184
2 17345 20556 4329 3860 1885 9363 3088 3531
2 20826 24044 544 9815 11403 7767 3036 2240
2 5078 20345 9021 12700 7254 4704 11608 2114
2 53138 16079 4319 3522 2550 3404 1318 619
2 155540 16506 1761 15720 6042 8276 4227 5989
2 9518 21617 10676 8098 4890 11417 3714 2405
2 30161 21336 18042 45073 7001 7999 2469 3477
0 12056 13870 7593 10224 5526 8751 11407 2423
0 30412 9234 10911 6853 18388 12246 3863 6636
0 4413 22677 12684 5207 13335 12481 3034 6916
0 26101 36499 4923 2411 1701 2850 741 856
0 731159 80553 20352 13246 15698 14343 4591 5582
0 2846 9328 3200 50901 19861 4428 1705 5536
0 6876 10099 9396 17480 16109 10040 4004 7817
0 36136 22397 8786 15291 9015 11619 8203 4720
0 17974 45213 7939 8671 5577 19322 6698 4390
0 29781 15156 11889 31386 8745 17969 3867 4640
1 62670 42608 1234 2228 1738 5114 1285 1271
1 281720 23348 617 5059 2171 2352 941 601
1 243408 13122 7581 4763 1482 4743 1199 827
1 138817 29060 8659 3211 1813 979 949 1608
1 14613 8180 44980 54115 8312 10866 6526 7750
1 545129 64964 26239 3689 7032 6581 17790 4908
1 475324 96995 5676 7634 8880 9362 6782 9415
1 29867 22684 11819 41629 3019 7879 2179 5086
1 83556 20411 1643 1388 7977 3451 1064 1196
1 17666 19775 4855 6281 4466 7838 5019 4143
2 16578 18922 1206 10922 6045 11228 1681 5721
2 18966 7844 11499 5693 2402 16223 4365 5982
2 13377 5237 4539 3992 7746 7350 2262 6299
2 2595 2221 10565 3906 4746 16009 5397 4020
2 14484 25095 14837 5711 3911 23944 3304 3292
2 9190 14220 5890 7875 2033 7595 2836 7801
2 7523 22607 3831 10100 13247 9956 1913 6440
2 27720 38643 13644 25875 5255 13777 4340 4433
2 4755 26967 16820 11422 15149 5818 3521 2835
2 5388 13204 18521 14249 8601 11460 5145 11123
0 13153 2177 5064 4207 1612 926 585 1582
0 15426 44150 4621 14198 10424 9735 4655 2989
0 12050 16091 8582 13444 1538 7156 2645 2764
0 25750 27463 2799 20504 7517 5762 4355 2057
0 16233 10094 7206 13990 11171 6898 5699 5083
0 197941 40310 3505 3819 6309 2763 1258 1087
0 89946 113743 8173 10388 10155 6152 9269 3447
0 37634 36578 356 3435 1301 3809 1383 1121
0 24276 6813 3208 8714 8281 15521 2496 5027
0 15563 15462 6440 16669 4080 7578 2876 7017
1 34568 77643 12207 4019 571 2634 909 1009
1 75420 119535 3381 56073 11697 11033 3937 8362
1 105343 43120 17140 2710 3686 4852 2417 2996
1 111447 140927 88622 3139 6021 3676 7975 3098
1 37316 31376 1695 23185 5847 3853 3798 2656
1 76951 22633 39725 17471 11796 8214 5330 4620
1 7493 22851 30431 12371 6903 11864 2441 3812
1 102486 44712 8833 26336 10945 12175 7412 3617
1 16625 10326 21976 17066 13205 8741 3359 3324
1 8204 5523 9631 15188 4121 7654 3741 9344
2 19431 24431 2558 4842 1185 4143 1387 554
2 72029 45700 16466 17324 1127 8119 3658 3218
2 39610 12107 7082 3217 1156 2150 1092 1620
2 8669 56878 4269 7891 3205 4311 2699 3056
2 12192 5126 29737 15418 10779 8058 1914 5539
2 9449 11134 14670 15387 2000 10430 2896 10873
2 67563 18292 2923 1886 2316 1143 535 817
2 28278 24830 5714 5968 4105 15819 5529 3022
2 59456 11168 6679 3686 1211 2316 1265 753
2 14098 9413 6739 25948 4934 7177 3865 4460
0 33197 12506 16705 16544 1434 13205 5709 3250
0 27553 14784 13108 7574 3657 13685 5564 2878
0 9107 24826 8601 18044 6706 13607 3416 2603
0 30853 12297 3779 10744 6228 13172 3611 3839
0 18788 10431 4491 21924 10681 17776 3242 7497
0 33804 9044 13603 18080 15839 5519 1899 8040
0 3834 37991 3119 16893 7239 11332 4124 2380
0 29824 34297 1427 1928 5655 1367 1091 1613
0 6139 7751 6065 9517 9253 4575 5585 7585
0 12714 21737 5062 13842 15883 7099 4111 3398
1 286455 24828 752 775 2409 1047 1476 1097
1 15524 10461 5894 8281 6915 6350 3230 2578
1 42443 18397 5371 7126 5916 3008 926 1414
1 162770 18552 8825 7598 1304 2458 1216 776
1 14878 4833 1968 1372 837 2908 677 1060
1 10119 8271 25876 40674 3268 10809 2618 1274
1 617870 141978 26595 15577 9079 7954 3301 3255
1 11828 11729 3929 9733 11978 6788 3001 3105
1 114708 91721 5299 1631 4198 1261 1002 1038
1 24847 799 2368 1445 317 3094 1895 1394
2 37642 66321 6787 3300 1862 2611 1569 1226
2 13920 23578 4151 13960 3458 11734 4967 5117
2 4375 23005 14961 3913 14138 9563 4959 5482
2 8172 1338 11893 16910 5635 10310 5037 3118
2 17107 9791 7735 6906 3790 12303 3818 5966
2 25371 10719 17022 7931 10621 9334 5444 10026
2 13283 13937 12971 13601 4518 19170 4722 4010
2 15891 9451 6875 32823 8467 6229 3911 2334
2 11203 10090 16614 10100 7151 11449 2212 3239
2 64190 10678 12982 8091 8433 9529 4968 10568
0 28783 23907 21332 38169 18628 20671 4431 2918
0 105144 109798 8719 32387 8885 14891 6929 4964
0 245001 187025 24059 27325 18933 16611 6573 2331
0 7075 11363 6157 17923 9623 7206 2311 4592
0 35701 15644 20691 4344 8957 5317 5421 7214
0 13355 10745 14217 22860 9851 12918 6717 4215
0 8417 6022 35679 15400 4055 14228 2790 7975
0 28076 37062 10116 12184 2232 5892 4888 3343
0 38730 4894 32646 17214 5533 9576 6017 3728
0 14592 10168 9516 8823 2367 16671 2927 3412
1 3679 12717 6252 40743 5850 8152 3585 4703
1 10449 7161 10632 10128 10006 10826 1463 7869
1 21195 15780 2207 2424 988 596 130 210
1 14355 11024 6664 12180 6458 14752 7626 3769
1 41883 6755 8130 4145 3520 8502 2229 2313
1 18205 95804 53046 29807 7142 9166 1739 2942
1 77315 64701 29865 20247 7471 9504 3450 5671
1 27996 17566 7495 9381 4659 4105 2400 2680
1 214555 23290 6500 3880 2992 5036 941 1492
1 170654 16498 1374 3568 586 625 242 502
2 9595 4850 5858 14597 3676 8251 2984 5232
2 62886 28439 1551 2801 3125 2322 750 1185
2 160150 46466 2418 6919 1446 3447 1341 1165
2 28027 4008 11932 6926 8336 7056 2495 2423
2 16533 29853 5041 13104 4426 6645 1468 1997
2 11517 34470 9703 5384 6664 9862 1960 2737
2 21823 12191 12158 20621 4503 5051 2260 5223
2 35325 11615 7780 27827 5011 3477 2645 2435
2 48383 27581 10861 5315 2312 8670 3018 2448
2 33722 11114 9204 5329 3245 9952 7550 6121
0 4062 9351 5208 9573 8852 13746 6383 2933
0 11492 25461 20349 27199 5351 6937 3874 3487
0 11795 18908 6425 7294 5488 11681 2901 5823
0 5788 9336 1047 8976 2499 8310 4235 2546
0 33569 18942 4159 15272 18896 4728 3196 7522
0 27465 24330 5451 3815 15550 10525 3039 5508
0 34967 35536 9133 4377 1981 1189 601 796
0 3719 42674 13491 29763 5423 5773 4262 6423
0 18831 6207 4362 16006 3711 7160 2323 6931
0 8331 9983 7101 9395 4005 7829 3717 5706
1 7871 12431 14759 10279 4988 9060 3780 2445
1 10597 21490 3858 7478 2460 16430 2590 6631
1 39147 12106 5811 893 5521 5895 4464 5469
1 96657 12745 10651 5702 3470 528 722 889
1 14615 24247 21621 4599 9785 6540 1914 3448
1 21291 12963 7867 6763 2511 7443 1161 3279
1 20159 11089 4043 28619 10593 10074 1217 5400
1 34752 21359 1215 10560 5811 8521 1712 1856
1 38434 17066 16274 13846 4909 3999 3629 1811
1 2725 12937 6018 17570 7290 6149 2105 2264
2 65068 31428 2653 4551 480 2219 884 724
2 40157 12977 15110 22715 12754 12685 2507 3329
2 15400 12390 37577 42358 5724 7964 5142 6818
2 13333 7498 1150 15840 2663 7269 2209 2319
2 29331 23413 25291 11652 11464 7791 2179 2537
2 20782 13584 7553 42522 9637 10247 3936 1842
2 49326 33672 862 8120 4896 9044 2227 1857
2 18181 12066 10759 25196 13469 7930 2750 3876
2 13207 26250 16956 29255 10604 10881 3963 3171
2 7360 19163 4298 6118 5764 9314 3806 4376
0 15070 22804 15737 13087 12962 3720 1703 3679
0 53727 18426 1445 5562 1696 1840 803 1726
0 76170 77367 5123 9372 4277 3422 1141 2065
0 24197 19764 12219 7669 18103 7652 3161 3528
0 14081 4152 8654 25366 7920 11150 3066 3819
0 7865 7545 16879 31135 3336 15141 4072 4844
0 227947 30910 1328 3648 609 2862 814 2009
0 57815 14187 30188 7918 12792 5045 5791 4562
0 162103 107876 23855 7112 4778 2765 956 828
0 10117 37535 13942 7075 4368 6612 12288 5082
1 23881 6246 2182 1360 2943 3299 866 1173
1 42577 31320 2366 2297 5121 2624 1752 1534
1 161253 73737 2633 6073 6868 1760 824 608
1 62513 11829 4912 8052 16136 10376 2898 4790
1 43863 36571 4008 4018 649 2864 473 476
1 14186 22397 6037 9616 7444 10876 3459 5982
1 15280 7870 14547 85237 4588 7175 2536 4498
1 435094 37500 900 9361 3903 1386 2939 447
1 35318 12692 9659 59781 6069 5932 4461 3649
1 12691 21342 16603 6874 2418 25399 4404 5449
2 24544 8590 4697 5336 4097 7860 1943 3137
2 25797 23369 18519 9373 9585 6396 5670 2804
2 25200 22195 17074 10242 10231 12867 3152 1756
2 40647 20961 20925 18218 6223 26854 5002 3439
2 16427 11330 2618 15531 6761 9489 2857 3205
2 7383 28902 6755 8564 12818 39169 2606 3418
2 26345 23258 9398 3210 10578 18811 1695 4826
2 22988 23957 5131 12943 5301 4746 4892 8164
2 28073 23796 5466 13746 12095 12251 4259 4106
2 58275 11013 5191 14407 5160 6784 8385 3781
0 39050 27564 18526 9475 2976 16620 11189 11301
0 29286 18348 3952 13037 9108 9474 3710 5901
0 244081 73219 6103 1345 34181 14402 4858 3432
0 69420 8197 4237 2515 3359 2673 2053 2917
0 15767 20359 30037 4879 3224 5633 14283 9933
0 4290 7425 5539 9755 5241 10199 10612 4225
0 55330 16365 24227 8546 6376 7240 2368 7326
0 8331 22321 7216 28786 6312 4017 10017 5365
0 8715 4395 4799 11389 3662 5596 4599 4478
0 19171 5222 53655 9939 5713 11714 3029 3686
1 104113 5134 3451 1756 904 550 235 263
1 49911 10690 1794 26264 4121 12036 4013 4338
1 38181 16109 11077 13304 7842 6115 5128 2378
1 11044 12505 10179 2581 3170 6163 1896 2723
1 6366 21696 6624 6135 5060 9629 4035 2718
1 70460 73144 12456 4630 2432 2687 954 1272
1 17862 10403 10798 11830 7801 5342 3754 5304
1 8763 12869 9713 9032 3045 5159 5612 2128
1 22864 13730 10433 118083 10551 11563 2026 4234
1 8843 24886 182240 34356 3653 10652 9516 4337
2 66918 6353 20297 8796 5302 12728 2866 3020
2 34059 13323 17589 24735 15381 17900 6144 2997
2 291137 19235 1904 1080 1194 1555 675 781
2 43898 19625 608 12107 4496 13634 6842 6336
2 52121 16388 3919 3828 1535 1793 809 864
2 5759 8139 14459 9782 7290 11099 4227 4902
2 27610 11545 9272 15817 8103 11443 3074 2262
2 9784 25661 10940 18280 9144 15562 2454 1898
2 28720 12599 1458 5034 13601 9977 6265 3664
2 6378 14961 3513 27680 5625 10000 6637 6958
0 218631 6868 3397 2563 2377 613 1495 766
0 10878 10468 5697 14494 16976 4938 1942 2016
0 1768 16701 5998 26765 3585 6216 2576 7156
0 14246 17684 10138 7922 2523 5133 4421 1877
0 11558 39554 7770 18089 8500 6998 5775 2996
0 7608 26381 7203 11730 5957 6049 3054 3380
0 3782 12702 10707 13617 7011 9762 3119 1786
0 11086 13079 10266 7854 3168 7085 2985 2254
0 9437 16403 7237 12532 3667 5449 3043 4983
0 44555 38519 2534 3770 1350 1400 1181 562
1 286302 74895 19161 5181 8576 6533 3422 2929
1 1584575 209901 21800 12305 14545 7240 6964 5560
1 422385 22036 1787 3562 3591 4874 3122 3380
1 44179 8642 26970 14292 12240 18422 23615 7255
1 7932 10300 6889 4951 6439 10181 5304 4777
1 46253 37679 5298 10221 12301 10620 9252 6631
1 12019 8619 7846 17953 6874 8196 7369 8436
1 40700 35080 7433 9485 2940 3882 791 1250
1 85779 18541 5739 2289 1094 453 479 560
1 4235 9499 3417 14618 8931 10124 4041 7964
2 394659 266069 21601 14476 10072 12750 5602 3885
2 907594 91210 11965 8813 7447 7546 9096 3302
2 27224 17934 21368 8676 8533 8072 3911 4950
2 21253 12782 2500 10549 7095 5070 4324 5534
2 38629 106587 3404 4392 2360 3619 2232 1205
2 71114 13706 4208 5908 4344 5692 2972 3814
2 7412 22020 3960 8372 7297 8711 4063 4566
2 24621 12858 10589 19551 3761 13865 1804 5880
2 34284 10102 6511 9995 13577 6020 6081 2667
2 19534 15273 9832 2992 5634 9370 7168 4987
0 23377 10571 3086 2124 4112 5281 2058 1524
0 76251 43068 30879 48130 13003 8112 5041 4685
0 7324 45365 43645 38627 37397 5518 2678 5300
0 520499 191012 30634 18496 20304 13239 10452 4812
0 51182 41121 20032 9457 1908 1861 1088 1527
0 39410 17706 20243 10462 7873 13734 5407 3951
0 8184 20581 550 13033 12429 12612 6221 5690
0 45626 36749 2203 26225 10288 12416 8363 2496
0 72038 12226 10678 6094 2022 1867 1268 1845
0 25873 26542 22571 16863 6739 6849 4379 5263
1 873288 101060 80066 42896 8975 14263 7660 4653
1 799329 63226 4799 11502 14329 3588 2239 1114
1 71834 50474 14653 13436 12007 2065 1546 781
1 2944 15284 5755 40515 12575 4303 4229 1961
1 29202 15395 22652 26600 8821 3551 5034 3194
1 87603 71214 69909 71733 11514 5862 2274 2993
1 202658 18624 1261 1657 1829 1247 217 382
1 31792 23900 10065 2805 1902 4067 920 377
1 344882 102287 4982 2436 1427 2179 845 1194
1 10640 8384 11683 5976 8546 7922 4439 3394
2 29501 12883 1488 7852 5261 3599 3957 5150
2 62273 35381 918 3456 3161 2019 1319 514
2 63610 31344 4746 1295 1116 554 298 547
2 151583 1103 2254 484 2389 983 861 351
2 54714 5087 4549 5902 1369 19056 4744 7657
2 15585 18036 13240 10813 4017 24729 6240 4715
2 13202 12733 43161 3779 8392 15781 4463 6996
2 24462 48165 26095 22725 9682 11609 7058 5176
2 156280 4426 1771 2106 518 1247 360 292
2 42742 18648 4837 4805 2392 4217 1547 2271
0 508467 52241 10841 11368 8160 9165 4592 1551
0 5400 37818 19881 21125 6917 7631 11080 7572
0 214991 145946 19600 16632 8859 7587 4363 3503
0 496659 299549 39594 10983 17071 11152 6217 11228
0 24979 32599 3389 11065 11581 7513 3789 4964
0 10522 22271 5311 5580 11004 19293 3376 4851
0 42103 12626 33349 7115 3840 11303 4744 3134
0 13023 31291 5291 9652 8194 9091 4210 3190
0 26497 15494 13372 4303 8825 9173 4298 4122
0 17477 17669 18002 18746 13255 11276 3573 5056
1 143053 8492 2097 5594 4678 1272 1188 1283
1 170211 15896 42882 6446 2983 2822 475 1225
1 43504 27887 7176 11214 2067 1603 1238 893
1 20741 2422 3007 1862 2773 2193 574 1831
1 9659 25858 5857 17987 5076 9858 4182 4406
1 23103 16911 8043 5997 13970 9975 9999 3999
1 42652 31514 1510 3047 4162 3370 722 1105
1 40760 48636 27616 12245 5622 9123 3397 12113
1 1070197 240809 76471 9524 39055 13231 10189 2422
1 59856 11134 4919 1532 4142 5428 1665 1319
2 15301 21995 16555 10441 10761 6555 4893 3756
2 29301 35795 13170 12625 7269 16146 16076 8785
2 2570 6950 14050 15198 10674 10104 9060 7017
2 78186 22210 1566 2223 3100 1880 875 1120
2 68199 18904 32111 17173 33239 11421 4437 12266
2 24318 43847 25877 21527 34830 6587 6576 15071
2 20743 18338 16798 32537 5397 10735 5541 9988
2 16904 12579 6202 12685 11829 11051 3256 6435
2 16990 32431 19898 28779 4620 16806 3443 6595
2 16273 20344 14395 24556 10836 12754 4041 6630
0 1216122 31928 25081 35946 9440 4360 3011 1262
0 1544129 179189 5098 40035 20083 13384 9644 5125
0 6566 14746 1520 11505 5821 23066 8643 3803
0 25800 11309 11599 7945 15717 22046 8219 8549
0 80860 37556 4248 4123 2805 3098 3599 3035
0 15342 12091 25054 23146 14851 16975 5941 7422
0 39607 21855 13644 22098 6286 18930 6623 3608
0 53246 42750 7853 6593 7811 3586 2098 2061
0 12177 12381 15686 8832 7368 8959 5465 7169
0 135813 24153 6824 3193 6155 3847 819 850
1 1040865 19521 8321 6123 12359 3592 2259 1147
1 909386 554337 147106 110347 23925 21511 51633 24691
1 227903 59784 5166 3865 2960 2315 1411 1002
1 1363063 272012 29370 23938 51783 18681 11442 5174
1 982329 101525 51643 9843 33407 13785 15132 9424
1 315747 10147 8833 3417 3027 2449 2095 644
1 9483 17691 5715 13396 15794 7460 18254 8477
1 437610 42600 36161 3983 4001 5970 1797 1641
1 42472 14866 9686 25842 9159 16074 4545 10713
1 47319 18557 17425 20922 22745 7428 17590 9060
2 10305 7954 9966 74375 10683 17368 6020 11203
2 361009 80147 1458 4776 1904 2293 1563 2453
2 43052 9582 11335 12991 7415 31016 12310 5327
2 728883 378420 53629 117526 52212 30861 44663 29088
2 16180 6952 4802 16715 5801 14225 16172 5448
2 11438 5509 15182 7078 4826 11617 11125 13156
2 17360 15082 1999 6266 2909 20496 12237 9377
2 8334 14714 10981 17115 13705 18576 8093 5185
2 69066 36639 2576 3953 2998 3931 3283 3977
2 576430 528736 34903 26533 32368 16432 8409 6973
0 30323 26501 6627 3287 10964 2920 7736 4395
0 11156 3700 2909 3050 5109 1809 4877 1784
0 36453 19049 15383 16242 30693 23102 18524 6219
0 10419 15222 27046 9572 27926 13202 9127 18669
0 70701 26255 13689 7618 1016 3025 1363 2827
0 14211 38485 14838 28233 19229 24122 2001 2767
0 38709 11394 9992 18484 1768 11556 5401 7183
0 33652 41058 6240 25093 20522 13241 4271 8166
0 23539 14849 24886 37799 14565 9444 5054 7246
0 73052 25936 7103 4743 414 3672 1192 785
1 18933 135621 17434 12266 21502 10927 2989 4513
1 181059 124089 3156 2648 2302 3019 1948 1058
1 83358 10314 2107 3094 1229 1014 350 283
1 84665 10663 2112 2517 1897 3348 1275 1667
1 17418 33793 17355 6639 22687 21106 4072 5401
1 3512 29440 25204 29144 3613 10896 3055 7169
1 21358 6876 11881 24589 20871 15362 11660 7908
1 26703 26074 10228 13578 8183 7935 10126 7066
1 39298 15827 5649 12035 4536 19113 6485 6321
1 3311 46175 4704 17223 6865 20325 6587 6340
2 11935 7117 14055 8260 8128 15010 10737 10721
2 21543 5633 7197 7672 3380 17937 4836 5232
2 55956 85800 3008 8697 4031 4178 1953 1561
2 347585 163261 24298 10206 9980 15236 7726 3633
2 21876 8175 15867 5652 7595 6284 6258 9861
2 8118 13735 5330 24957 11212 5628 10660 6471
2 46702 4730 24752 3878 10299 9671 5284 8475
2 4819 6052 22177 13374 13225 20514 7508 3709
2 22410 20151 7773 10558 6151 8855 4331 7764
2 8204 13513 1281 4815 2451 10222 11780 10370
0 192211 75199 10451 3008 7399 2746 1532 1454
0 184461 12847 2081 14554 2198 3819 1586 1265
0 209675 33891 17977 28131 12344 8066 3950 3600
0 25121 16975 7460 24458 5663 10192 3022 6745
0 52263 4333 2252 18099 5719 7064 2346 14637
0 15471 46121 2696 33349 5150 10435 15852 8807
0 17314 14215 9754 11058 4459 9597 7090 7368
0 57218 9455 4020 11369 6634 4234 10914 6741
0 70107 5766 7148 5425 2445 2574 2426 1549
0 38612 15120 19123 5201 8010 5942 5734 10936
1 28606 13660 11625 6704 4489 7703 5686 2276
1 55512 21810 3260 1158 2169 3141 1024 1182
1 254395 41796 2094 4841 1048 2679 1164 439
1 24914 15933 22918 9858 9238 2918 4029 6644
1 29681 17937 16385 8500 6438 3992 2022 4209
1 145412 39169 2686 2015 1797 4721 718 618
1 5938 19939 54838 17496 10158 5742 8105 10013
1 18484 38578 2306 15933 7161 9132 2645 3386
1 22144 19298 2286 5883 10351 5450 7765 4562
1 4128 15127 2574 21425 6605 9721 3857 5698
2 15142 11400 14479 8352 2280 8038 6947 4793
2 146367 52759 17849 2366 1381 2920 1735 1695
2 34403 10881 4461 3463 7952 8831 3213 4543
2 110425 8155 3316 10376 3662 3474 539 1356
2 976411 182835 50066 18549 13865 10571 20014 15494
2 25872 21850 3526 14037 3428 5216 15667 7456
2 58763 6306 5764 13286 4538 11258 10700 7219
2 31598 10363 10091 21231 3853 18868 7165 5316
2 35573 13841 22195 3848 9297 7963 3102 8345
2 33626 9284 6620 1245 5322 7707 10099 5909
0 253408 38286 407 2003 1872 2205 897 741
0 30188 22467 12169 10171 11302 5249 5205 2955
0 117198 72190 14453 4673 3614 1624 1371 972
0 16063 25232 3029 6512 6035 2626 2934 4596
0 13834 18212 4158 23821 4758 8682 6683 3414
0 16291 9511 11318 6822 6998 5929 7126 6763
0 16004 25394 16654 20509 4335 3034 6160 4587
0 18648 13936 6876 8781 13383 5110 5925 2964
0 14993 8855 12041 28673 10106 13319 9652 3575
0 3595 5217 19705 10937 6308 4777 2430 3581
1 17351 71493 18193 53504 8637 10832 6306 9719
1 444124 97354 36970 3559 3944 4115 3800 1218
1 35298 25628 15156 13046 27052 16701 5319 3596
1 1127682 57731 3815 7414 10143 6657 1639 2333
1 58192 31111 4517 3520 1791 3405 1665 780
1 19977 25413 2113 2607 1298 1000 494 510
1 379465 26436 21416 54022 23329 4084 1307 3181
1 218288 96063 15651 7050 6494 19470 5707 6142
1 9174 8042 20801 15206 10905 8550 3782 3820
1 7747 64267 18694 20812 5918 20697 2967 8362
2 1822 33450 27051 76555 9683 11487 8939 12266
2 89755 34630 3086 11055 3073 4594 9269 1527
2 937419 245351 40539 24252 13670 13473 10089 17236
2 198703 34221 11100 4414 2877 4542 4302 4729
2 318746 187913 11178 14820 8652 6010 5147 1792
2 19905 3318 14332 8852 3840 2416 1783 2807
2 18182 41740 16330 10416 14250 10294 5840 8728
2 13731 12530 7164 1106 13630 11143 19033 4106
2 12154 16991 25201 32164 5059 16104 8502 5398
2 12054 10329 5378 38340 3277 12724 11924 3375
0 307870 23572 4743 6886 7415 2772 1017 660
0 961831 155603 18291 21273 20012 20702 12055 7610
0 26441 24375 26135 9215 13429 14107 13119 2797
0 8696 6535 9242 9882 5978 12273 4246 4984
0 19913 22659 21541 10341 10445 17816 5592 5059
0 18922 15621 14916 17773 5611 6677 4063 6369
0 279542 159661 44693 36194 6381 10426 5398 4699
0 37040 19571 26066 3792 13408 18187 8564 6488
0 30299 33875 10054 2997 3858 1970 2112 1348
0 5800 69306 7729 23142 14619 20766 10690 8395
1 51837 28400 8806 6459 4949 3086 1880 1076
1 10569 6334 875 1815 3310 4530 2463 3034
1 17935 17178 4667 3371 6363 14370 6555 6249
1 12115 16083 21773 10588 12334 15635 6216 4900
1 22503 38079 29215 51597 26127 8433 3385 3380
1 3583 22445 12274 34681 12624 14621 11520 4885
1 25323 8216 14674 6644 6569 7410 4107 3101
1 22722 22674 5855 499 2365 2959 1273 757
1 29874 27800 1538 12078 7638 7716 8063 2506
1 24319 16718 33240 8297 7448 20796 5741 5570
2 14843 8056 13251 9234 9895 23256 19980 2128
2 33694 10081 11900 9445 6020 21252 8425 4586
2 8982 25704 31067 9988 8740 17190 6168 2353
2 75145 9089 34387 24642 10373 20032 1681 3426
2 17912 41024 18607 19167 5292 17527 7498 7539
2 4478 25618 12965 5202 6543 19721 5331 5072
2 10502 11506 1381 11408 5636 16529 3468 12496
2 52622 14886 9641 7082 2583 25836 6660 2927
2 29324 15662 2646 15171 8319 13761 2168 4989
2 16998 12142 13860 18610 20040 10125 11689 6480
0 43024 17167 25773 22907 11282 10307 5339 3795
0 231055 12844 5791 12692 3621 4011 1795 1218
0 202440 77329 48553 14151 16448 9381 4821 5586
0 588360 32505 8044 32339 15717 15176 5058 11564
0 12531 16426 10217 44071 8490 6666 4379 7563
0 21173 5262 17399 28568 8814 18537 3854 2687
0 12737 34916 15597 17011 7366 5393 4291 7814
0 8960 5558 7732 9090 6420 10969 5695 4427
0 7762 22155 5482 10205 12386 12384 7099 7835
0 24184 20639 22698 23581 7550 17737 12695 5887
1 830934 348927 108374 154045 43364 34517 28151 32027
1 398817 101146 116523 57229 31934 25518 22339 13122
1 523349 256436 34089 21582 6176 13110 9803 4035
1 14206 11999 25903 41128 5868 24032 13404 6373
1 626324 81041 38461 34748 13050 18111 6251 4618
1 334101 149742 15622 43107 10087 11847 3353 4971
1 30945 35587 36003 30019 14843 16013 2502 11774
1 1088684 220257 57414 102639 13857 13388 10020 3737
1 421571 89242 8808 3724 2622 2926 1638 1803
1 83221 61054 4758 2439 4108 3563 1140 1974
2 14355 14380 10445 15513 5546 17428 26849 6125
2 42682 37780 20943 1609 1894 3611 1951 1633
2 49939 7612 7938 6188 7753 7025 1439 9871
2 12774 27009 14052 8165 5739 8983 6106 4766
2 9002 14191 8995 19625 6859 16814 5654 3448
2 4413 7113 6895 30816 9296 20420 7808 7310
2 12596 9522 34219 9180 14242 12015 6577 11144
2 79914 13663 11494 24636 8899 9049 3319 4235
2 11730 26517 28754 7508 8423 29856 6080 3198
2 59868 14312 26210 12674 8999 18582 7226 3091
