0 168447 82302 4646 45308 12110 16216 4814 4625
0 51827 54847 27860 34269 10730 8764 3214 2535
0 169385 157446 35047 14314 8648 6238 2068 1358
0 251726 28950 3040 6872 4093 2883 748 409
0 38016 25909 13381 23531 16916 10068 2992 3091
0 10066 15401 5246 25717 5985 7208 5502 3108
0 18741 16782 29085 11007 7162 5403 3387 1473
0 29294 11696 6502 19599 21875 6637 2242 1146
0 12176 22137 9434 4783 12925 19249 7854 829
0 66449 79867 3675 13698 6959 5434 1624 2820
1 28954 15180 6903 30726 12189 3067 2346 1246
1 14629 44438 6645 3325 8963 10336 1870 1947
1 80690 18280 2913 1354 2270 1095 1680 805
1 17525 37586 13530 17607 6788 3556 2296 2855
1 53634 43457 2200 3966 2542 1456 284 1205
1 28248 32768 22251 14495 10528 5146 3201 1826
1 73422 22095 267 1526 1316 1128 776 546
1 10103 37043 6179 4767 3480 2236 1908 1387
1 53125 34606 1346 2042 2677 1602 201 584
1 24546 36625 11069 5168 7255 6628 1878 1772
2 12962 26302 7742 3066 6653 4613 1433 2610
2 52244 33943 3437 2789 1594 2113 1225 595
2 20374 14405 860 2916 3374 3818 1527 1466
2 44300 20125 2525 5227 3736 2451 547 412
2 21006 14988 3261 6989 6937 4857 2401 1089
2 10869 41296 7987 6586 3880 4647 4343 1273
2 30462 14291 4540 6177 5358 4574 2506 2728
2 56446 15569 5317 3276 4384 7349 2394 1450
2 3424 25867 5523 27750 12532 5478 3121 2268
2 64406 42142 219 1775 3711 1159 180 353
0 24873 12703 6818 8999 3944 4015 3219 1588
0 39578 10800 10203 16204 7418 3266 1123 3500
0 19566 11670 7744 5206 7966 3408 1312 864
0 1464 12205 5694 2977 2992 2875 1416 685
0 23916 18983 4451 10845 5897 4970 1716 1709
0 11155 25173 14368 8585 15693 6544 1895 1443
0 76023 28706 2360 4165 888 988 725 364
0 31797 21258 8496 4347 5204 7011 1584 1932
0 8364 15298 59185 4560 6480 2559 993 713
0 13696 19089 6655 10096 6728 6704 1882 850
1 8581 27664 9251 19488 18722 4680 1364 1505
1 87668 59042 1584 1751 2882 738 780 290
1 9406 28909 4535 924 16552 3897 1278 1633
1 17401 17736 2816 3838 8155 8880 1263 1482
1 74149 8221 1958 4296 2808 752 915 260
1 59547 4951 3414 5895 4983 2720 2060 2290
1 12224 36246 8813 15878 7831 6479 2936 1086
1 72785 15010 1864 2016 1940 1435 551 419
1 9844 13765 4789 8340 10218 5449 3862 2957
1 10721 6503 8289 16364 8487 5586 1473 1573
2 78171 52066 9885 4094 2764 1332 3166 1168
2 1714207 117902 39565 79319 14736 7700 17206 10922
2 1529457 431861 48792 175559 89108 102946 13742 6392
2 30085 14594 8690 1014 3849 3504 333 214
2 89122 16911 9007 15167 11665 5997 4165 3474
2 44522 17131 1350 11908 1694 1285 915 1312
2 126217 93849 9434 15803 7181 5799 2590 2925
2 48802 37717 8322 1194 2572 1837 857 1722
2 19689 35416 20432 6085 4526 7783 3003 2824
2 22319 8830 11043 505 3118 16221 1642 2115
0 9034 22333 3043 12805 15249 5821 3926 1687
0 3698 13145 2252 6489 8139 5851 6034 2381
0 18094 14808 8322 9621 13199 6238 2886 2771
0 2609 12712 7348 9929 4093 4164 5467 1029
0 15392 10608 11162 16199 5213 5615 3050 1150
0 18887 8048 2544 6357 7221 2645 1591 2732
0 30685 3886 5558 5924 9290 5796 3841 3938
0 5845 22017 6525 7454 16639 6497 4933 2298
0 4869 10091 6517 7487 1474 3840 4175 3011
0 4849 7387 12065 11122 3626 4719 2743 1736
1 2112 14681 1409 8497 3610 2553 1503 6763
1 36356 33212 4024 2349 789 924 751 513
1 17268 11026 15258 6659 4416 2697 2831 2916
1 60785 32515 4814 795 1306 1197 764 204
1 1395 16314 10608 2412 3306 2742 615 818
1 3298 41799 1369 10525 4961 3588 1893 1495
1 35918 11766 1714 1538 1177 1235 486 680
1 28557 11225 6451 5658 2882 2771 3434 873
1 135695 101192 38074 21840 5144 4169 1496 1177
1 27674 20968 8947 22176 6900 3230 2642 1830
2 8946 17768 9267 2346 4094 8367 1357 1379
2 10557 27029 5346 18301 4772 4341 1478 870
2 42790 46981 24593 6507 6026 8055 1649 1425
2 26316 6417 16858 5672 4465 4706 1914 3926
2 12460 7478 14754 15745 10409 6011 2037 964
2 1699 9610 2807 10573 5582 2808 1860 1275
2 6414 2687 25920 3577 4829 3555 1163 1047
2 3838 17078 6202 13854 1740 3848 2423 1087
2 4383 8643 3763 16782 5702 4254 578 1118
2 19113 19461 31981 7838 4767 4688 4340 1705
0 10270 9884 5681 9058 1903 6433 943 4865
0 6305 6322 1709 3206 3397 3764 2486 1925
0 15421 6766 1931 4581 3550 3199 1161 1938
0 7131 7003 11031 12267 10299 6141 3277 1544
0 24899 5357 4537 7289 7098 6086 3294 2339
0 34059 19231 4546 8134 6507 2667 1203 4958
0 47021 12161 20700 4452 2958 4799 1166 1353
0 7679 10826 1583 5348 2259 12677 1900 1673
0 63790 13404 22412 11922 13398 6266 2473 2784
0 35110 82026 7868 4701 6695 5151 3015 2576
1 1148 18073 12059 8528 2931 1896 1037 2200
1 10582 6833 5846 5570 17165 2709 1221 3050
1 170145 132567 21452 8472 3157 5666 2266 2296
1 19760 45821 10931 3520 15826 6213 1993 1443
1 13079 20690 3577 4494 4135 3424 2633 1287
1 3159 37414 6599 5449 4552 6483 1312 3521
1 123208 76778 11420 6305 5500 2539 1217 669
1 9379 19255 4290 7136 11323 2391 807 2135
1 14612 13087 6565 5940 3602 3965 2223 919
1 76934 66351 8421 13998 5122 5805 987 1664
2 8120 34187 16575 28614 5846 2588 2645 1846
2 7161 14634 7707 5771 7136 4891 2015 4817
2 11281 7966 1908 7280 7220 5185 3548 1301
2 10144 30349 25798 13639 7119 3359 3496 892
2 75374 165473 42191 10617 4726 5709 2932 1425
2 1499 12528 6048 4736 12280 9024 1264 1958
2 23300 7672 2680 6268 7366 4348 3038 1881
2 8056 21046 3463 3153 1647 2258 2721 1553
2 6565 14792 7519 5175 3555 3632 1591 2467
2 7167 7021 17664 4562 4497 6239 2332 2604
0 5282 10777 18996 39035 7306 7235 1625 1714
0 7485 10049 17060 6957 8346 10048 3207 1777
0 21306 6272 3609 2267 4559 6175 2168 1953
0 16093 5331 7952 1244 4645 4624 1838 770
0 6446 11085 19130 9147 8401 4512 3927 2011
0 31105 15993 10503 10342 16950 3349 1348 591
0 130730 104738 18530 2802 8131 4192 3116 2534
0 15840 6230 9675 5207 4751 4025 3224 3781
0 129448 40918 11780 2782 5541 8588 1811 1239
0 298095 31385 22927 5852 3447 13958 3527 2229
1 9703 7533 4766 14712 2073 3286 5798 1231
1 7880 3349 13278 7100 2037 4778 1946 1455
1 3413 15117 11527 20222 5363 2311 2466 1682
1 54475 31595 39166 17697 12933 2020 3096 2469
1 112201 25942 8443 9638 5158 5520 2762 1348
1 5970 10906 2043 8473 6023 3035 1464 684
1 3992 17729 10956 4360 3196 4751 1922 3378
1 4432 5184 3910 2748 6295 3454 1118 1133
1 5325 13834 6567 17313 4040 4717 1779 2349
1 8048 7240 13785 1517 2631 2047 2254 712
2 34598 32763 4189 1661 1453 1303 697 605
2 20733 6891 10471 8082 3521 8483 1062 1483
2 13858 7746 7723 1037 8880 9464 2265 1613
2 14675 8799 2930 14452 18793 4886 3177 1515
2 21932 1353 1542 9488 5863 4599 2306 1160
2 12706 11957 2841 8924 7254 4827 1866 3064
2 7161 12655 2654 5461 4316 4687 3591 1543
2 3867 10114 7108 7157 7313 4093 1594 2099
2 14692 6981 9170 3408 8844 6097 4630 1594
2 4880 3114 6759 5380 9770 3238 3109 1979
0 5495 6466 4445 14001 3234 4680 2240 6227
0 29309 13699 13335 2149 5370 7968 808 2542
0 9878 43131 4864 2678 1421 3302 2254 1960
0 10767 7564 1566 4015 3372 8485 1998 1611
0 2587 8606 9314 8733 6223 2331 2259 1329
0 6062 11535 7759 11085 8477 3254 2050 3905
0 12971 14502 288 1546 1710 1625 2043 3691
0 15616 14513 2087 2971 5958 5472 2747 2577
0 5165 3408 8903 3258 3258 10033 1558 2346
0 5771 12600 5223 7942 8623 6087 2541 762
1 39628 53195 4234 3323 766 3768 1095 724
1 122959 35057 1057 3141 1564 2029 342 288
1 10101 11043 838 3487 5392 3559 2337 1498
1 2651 11861 11192 4581 1831 4471 1149 1110
1 12017 3660 12956 3911 5090 5469 1029 1014
1 19266 13816 606 10746 10875 6108 3555 3231
1 10156 11513 7890 10625 3874 4143 4579 2189
1 9201 10763 5836 5499 3700 3215 2106 853
1 12229 32166 3369 12211 5396 8467 1882 1704
1 6293 29177 14637 9432 8462 2845 2447 1703
2 572537 152397 23340 16347 3681 3402 4702 2582
2 7003 7395 2454 3929 2312 11022 1372 2190
2 7881 6206 4459 10118 11452 4309 2344 2897
2 7738 5798 1061 2521 3730 12441 2711 2047
2 75082 22648 3305 2490 1261 1241 268 329
2 2455 14140 6364 11418 5469 7201 2972 2935
2 12183 7859 5739 5740 3408 5864 1195 1020
2 9669 20830 6918 6813 2030 4007 3877 513
2 425580 360412 48908 16145 14318 35407 4279 3780
2 555838 52331 12876 5967 1569 1975 670 553
0 17607 11703 7808 7203 1125 6157 840 2914
0 10672 4331 5036 4626 3533 4056 2079 2534
0 6015 11593 9521 6104 5848 5073 1734 3199
0 5081 4460 6318 5095 4006 3026 1647 3589
0 2648 6970 15883 7958 5674 3146 1951 4400
0 10691 22876 1846 4821 5477 5626 3485 1676
0 21056 14800 5331 13466 961 5423 2881 3146
0 4589 3425 3428 3431 3526 11224 1817 2174
0 279558 115606 4661 1999 1218 9543 3101 2045
0 3042 10664 27192 19081 9960 5422 5311 2373
1 8815 20895 16922 7708 3994 3417 2519 1126
1 56964 10426 1475 3303 810 524 860 667
1 162070 56195 5626 6428 2105 2247 1453 539
1 1045167 172433 25965 32199 9799 16346 4266 2842
1 514517 127949 10912 6380 8111 5594 1704 442
1 89495 28782 54007 2404 13972 8241 4027 2593
1 182986 39769 3939 20843 4027 4291 3361 944
1 72450 66708 7134 675 1980 2460 479 782
1 86017 128309 3240 9578 7569 2187 1081 1820
1 223621 119938 4027 2755 3026 922 546 544
2 267138 53795 5032 11820 10154 3153 11094 1788
2 43058 18225 6748 6485 10831 14271 4562 4716
2 42945 8244 2628 3230 4795 9898 10815 11678
2 122366 123875 16839 4883 8038 15630 11845 7468
2 67481 33791 21966 6260 13308 5253 2110 2663
2 416500 58526 15723 25576 5929 4647 3329 14830
2 27267 13360 11251 43691 4231 6489 2311 1207
2 10980 3792 8412 5696 5092 2508 3091 1684
2 3012 13698 10370 3258 2987 6343 2904 1983
2 6436 10910 6083 2702 5138 9348 1663 1897
0 56540 42154 8505 2774 2197 2772 1216 1040
0 20639 21933 467 1986 3423 3206 2004 1717
0 6382 11657 4007 14445 2094 4755 2200 1797
0 5562 29395 55806 17750 8397 4886 2448 2414
0 27386 23365 9582 10753 11050 6054 2463 5118
0 9129 7359 17560 7042 3653 5243 2060 2568
0 5086 15197 5402 17639 5482 2581 1787 3107
0 25720 8569 3742 5676 7863 4328 3644 3391
0 4035 809 3517 6460 4855 7691 3169 1948
0 4010 5953 1882 13953 11589 3170 3053 2794
1 3016 13329 8337 1799 2314 3248 1838 2191
1 18399 11257 4322 3186 3562 5119 3245 1301
1 29387 28714 28833 15426 8813 6507 3181 2335
1 214822 105735 18223 24270 6516 7521 3080 1820
1 15701 8049 6754 4241 1590 5495 2280 1769
1 31549 15729 6221 4483 4491 8622 1548 1671
1 2103 15101 3101 2444 7826 11264 2149 2637
1 103894 44978 1341 2181 465 2086 1144 478
1 98038 171459 9498 4732 6129 6052 3829 1052
1 92130 14860 3314 2888 6276 2143 935 609
2 58813 30628 5170 2914 3402 1611 609 634
2 88701 53788 4663 1980 2780 2739 763 1389
2 135204 68358 10164 3774 557 2491 723 871
2 10640 20340 11748 4623 4025 2694 1478 1141
2 1011 17907 3860 3858 3058 11753 1908 2816
2 3817 14261 14237 1941 5185 3027 3097 1969
2 213915 19481 2307 3013 1107 2414 839 987
2 16779 10150 7830 4144 5920 2045 2577 1797
2 73443 5971 3502 3912 543 1052 555 827
2 296673 67703 1083 5558 4512 3406 875 1459
0 1110 11743 1591 16389 9290 8539 3176 2035
0 97302 30029 6636 7928 9777 6163 3957 5136
0 5453 5954 7402 2250 9292 8682 1581 3950
0 244127 191866 33340 6140 6647 4712 5369 3210
0 21069 17334 5902 5995 10405 3754 4133 1188
0 2864 10812 15022 10881 5001 2126 8848 2025
0 49210 58046 14168 26033 5026 4151 3049 3289
0 171262 37681 14970 5322 3616 1028 875 1028
0 86122 56442 20001 16633 11156 5582 2495 5239
0 8161 48540 18589 21591 1692 5192 4560 4692
1 9640 9819 13478 210 1166 853 802 744
1 61508 22237 6824 10774 4278 727 682 601
1 61488 23912 5571 2764 5252 1472 1399 397
1 115076 92328 1314 2623 1994 1545 386 478
1 19009 10079 18988 7717 4907 3099 3136 1676
1 12533 6898 7931 3109 6627 2556 1464 2029
1 74968 31603 14234 8009 6535 7544 6474 7415
1 101349 17928 3018 1890 1388 1310 1487 525
1 167400 52718 8541 6797 3895 1163 655 805
1 257534 123753 13976 6759 3769 4169 367 618
2 688783 96687 19753 15867 38274 16394 2164 883
2 937780 204987 56892 74134 117718 43875 4809 5763
2 88029 87907 5987 10696 15547 7870 2260 1774
2 239876 39579 17223 43269 12735 9568 8186 3369
2 12488 6495 5046 6590 2008 3996 1892 4435
2 58030 9958 14935 10380 3041 3968 1268 1132
2 13242 19185 7932 6677 2398 3883 4210 1781
2 20544 51869 10895 36275 27508 19843 11580 7389
2 220736 30135 2882 885 1220 2917 707 365
2 23798 16815 24355 5743 8723 4453 2010 1295
0 25623 7588 4270 12467 5570 16439 4714 7108
0 12051 22311 7840 4765 2212 4837 4064 951
0 33053 24433 25523 6703 9439 7257 4340 1436
0 143184 64356 10336 12110 12525 7752 4007 3982
0 36197 11100 1596 1709 1050 479 964 343
0 61478 175956 29270 25417 14985 2228 3247 1579
0 50388 18380 16764 5533 16738 3962 1811 2369
0 783952 31591 68142 22633 10504 14292 10260 4235
0 133964 27873 8678 7844 6379 12793 5532 9120
0 41121 24668 13671 5208 5828 7958 2824 4570
1 7049 4939 6911 7171 5545 2147 2755 1647
1 201268 142379 37339 2654 5379 2050 5206 2622
1 8108 7958 9635 3229 3529 4764 1260 1153
1 14836 13551 13108 4066 1232 5070 1026 2057
1 90983 67838 7163 2307 1080 602 710 340
1 8314 2264 4634 27843 4632 4584 4317 831
1 52945 28375 21313 2340 2468 1599 772 185
1 56029 36461 2383 386 899 551 164 128
1 10542 6914 4333 5394 8585 4742 2930 1915
1 1670 14605 12215 12367 3045 6737 3707 2236
2 403665 247182 54355 28330 7606 24932 13346 8208
2 377998 39300 7888 6180 1363 2693 1596 1030
2 68312 18248 5572 7781 7781 13078 7802 3654
2 17035 11413 1951 16307 6463 5128 2631 5153
2 1657 12398 3519 6050 3100 5179 4806 4890
2 15833 6837 3290 6271 5799 11965 2814 3256
2 4616 9954 5747 11019 5067 5542 3365 3048
2 2702 3205 4190 10069 2263 6063 2869 2507
2 4928 9648 5364 3923 7708 4526 1441 3098
2 6726 8269 8793 9382 5373 3382 4605 4163
