0 7648 13508 912 31541 16960 19704 17848 12084
0 11862 10832 4077 21960 9782 34311 14890 19320
0 21774 20249 6035 10567 34559 33700 12615 21484
0 9674 15546 5739 26865 22641 18728 18686 17486
0 80903 46649 17646 13307 19422 36112 13715 14675
0 3968 2915 3293 3156 21403 29430 13247 13812
0 11024 28349 13180 46831 6680 21940 14396 15111
0 20461 7521 7972 14038 11190 32549 14740 16086
0 9374 9676 6968 25930 10372 26449 16079 10625
0 5358 17939 7293 35506 33067 10638 16731 24934
1 53024 22964 3364 2703 3980 3833 3048 2694
1 8601 30325 29181 30947 8729 11257 8634 15505
1 69257 18043 1489 2029 2984 3107 1740 1488
1 20587 11423 9824 4257 15352 10733 7488 7489
1 47651 18473 5170 6017 7480 4985 2949 2118
1 328649 30540 4474 9281 2108 4420 3114 2403
1 19464 16631 6876 30775 9130 32213 20462 18207
1 107171 8326 5094 4383 4159 7989 1664 1807
1 21189 13917 6402 14247 7932 16623 13597 10009
1 24118 11604 9480 7864 10708 11760 5266 13945
2 11697 10390 8389 2239 6158 19935 9252 6838
2 33425 37544 5797 11543 3693 16361 8192 12026
2 441691 23325 17255 6256 5975 16420 6285 10475
2 14798 15293 7143 11724 9935 14708 15827 4149
2 38245 4716 13047 13415 6480 17032 16280 13831
2 21618 16485 2139 9919 10381 14629 6574 12603
2 18204 49918 4877 33351 7132 22346 8990 7995
2 16472 17701 60380 28954 7084 29875 11627 13694
2 3620 18270 9298 16113 15002 18406 8648 7603
2 8783 20590 22793 20801 9965 25981 9213 14602
0 6931 12313 22005 15559 6340 14793 9526 19822
0 22683 5648 4967 4072 16985 23477 20877 16124
0 9455 8474 4176 44845 21101 23551 23016 23085
0 8764 7182 15590 21152 15404 21337 8248 18200
0 40390 23146 10461 18280 8700 41189 12466 12283
0 6795 18270 1725 11959 6138 11572 5816 11971
0 10632 9805 3927 14376 17007 29277 40586 12118
0 6051 15705 17668 39416 12046 19455 7986 8821
0 7466 9986 11016 14221 8578 45510 7440 27779
0 25736 33498 2219 16948 14936 22071 17379 10331
1 514084 144163 14959 41913 28888 24737 17934 16861
1 456583 176062 10670 4279 3745 6084 7407 3943
1 88356 11400 7158 13521 5910 29018 20086 9527
1 80991 60967 5890 4514 3758 5736 3523 1539
1 244739 76354 14892 4069 5009 8035 3505 3917
1 109931 64952 28691 41764 51691 35515 23093 14379
1 198981 9476 18529 8964 6508 5864 3672 2635
1 83863 77816 19353 9526 2916 8319 3463 2059
1 109482 90839 10534 24430 19198 32089 12523 27439
1 115493 15465 5478 8559 1702 11218 2678 4242
2 9587 13077 6860 10892 6214 12690 9046 11652
2 16787 33705 1903 12622 15615 18114 8202 18944
2 11011 18944 13943 33412 9956 12700 24454 14790
2 7707 8905 9807 24344 13274 33779 19970 17587
2 11971 13480 7236 22785 6811 19996 3346 10704
2 8940 8204 17587 28958 16299 11733 7199 14059
2 10791 6571 36554 24601 5705 30370 23520 9559
2 351409 5367 21121 7510 10702 34073 10283 20747
2 19942 1821 2508 34082 11030 13773 7198 11424
2 11981 12702 30163 4640 5937 11826 5578 10829
0 36419 30883 42060 33391 20195 25626 17258 10130
0 240802 33314 5244 4376 6014 12641 11758 2502
0 24033 13897 2759 10214 16064 19315 25437 9330
0 121084 39571 14115 10578 15415 21355 10334 11435
0 14976 25168 1668 8125 2923 35737 12227 24007
0 33366 12209 23040 15811 3541 31238 12441 5942
0 9049 16039 28992 21162 14063 11522 17935 15635
0 18185 6130 16752 13965 18624 39505 28552 22483
0 285714 15264 36339 21171 24420 53255 20099 11112
0 2975 5989 21138 20066 6104 40604 19892 15459
1 567390 70930 16631 6706 2800 7092 3798 4591
1 110434 32043 8970 6545 3654 3233 5169 5499
1 9278 5802 32616 31349 6499 50429 15526 14363
1 44102 8373 12090 9521 9556 27005 8199 6048
1 66892 12774 3540 2004 3803 5246 2855 5341
1 82511 57544 8634 15327 22539 28118 23320 22426
1 945274 34759 20000 40954 7147 32039 16226 12239
1 190021 42951 14273 7520 3327 6484 2410 3302
1 92360 19307 7242 13483 2076 7588 2118 3505
1 26457 20345 15500 20836 6408 13801 17408 9313
2 32451 17412 3453 4971 24164 49811 14533 9580
2 9762 8551 2490 33379 16142 26884 9595 12345
2 10315 11941 47355 11206 7568 15644 9728 16155
2 9250 5357 45680 50885 4352 15471 23073 5978
2 37085 33383 43030 9330 4287 39116 9359 13372
2 163982 98675 35774 18730 7838 18381 31568 9820
2 18637 8537 22625 18568 10302 23534 17283 10146
2 7588 18624 17801 14777 10683 26141 9674 8542
2 20885 27937 16172 12582 13695 23041 10169 11350
2 10332 20783 13554 12884 11204 17177 16421 10407
0 7078 11361 7019 8680 15878 38130 12782 16784
0 914777 126465 33527 25510 11897 25480 17423 9432
0 198619 14110 5528 2149 1960 3151 1182 2183
0 10096 61123 9010 12019 32190 19244 29297 9630
0 135983 25126 9622 7036 3139 2297 4110 2714
0 64308 67746 12055 9336 6181 4953 2778 4051
0 363620 12297 5053 651 1070 2123 2380 1117
0 235133 71368 21801 12531 28028 12448 15770 12107
0 714487 23649 6099 37087 12437 33658 21509 18783
0 8392 35168 5530 13544 20074 22648 30485 9869
1 198265 212522 30646 37045 21179 23052 12009 8369
1 42834 12364 1438 1932 517 1424 468 356
1 72244 9688 20100 3553 9559 23319 3353 12506
1 127228 12861 11765 10571 3519 5744 3078 1872
1 39435 23019 10705 8747 5278 8678 3650 2472
1 114923 10639 2705 6915 1865 7630 7355 1525
1 23430 11233 12168 9947 5988 25353 12932 9080
1 9661 13489 2126 6161 14598 28012 8110 6803
1 22198 7747 7918 8462 11242 65265 8391 11219
1 3028 11168 7250 31393 7174 37959 8704 12193
2 11698 19369 6944 21856 16938 14070 20145 9252
2 4212 40245 9793 52989 7353 29092 18953 15813
2 89865 65144 27141 15265 11590 61786 29114 12588
2 15680 23052 22736 15581 7147 32760 11683 8144
2 50878 16907 852 4602 7686 3613 2603 1520
2 339770 17559 5551 1040 2977 2170 4311 1633
2 148441 32120 15207 3062 4131 7361 11019 3278
2 11583 41562 1429 17290 15675 25351 7846 5656
2 23069 22521 7004 12539 6785 20839 9734 19507
2 276275 21452 8916 17650 6685 76009 37794 7826
0 127442 97366 56052 33345 17683 25185 44161 19193
0 121938 25571 14783 17460 11552 47876 18308 28987
0 9831 23707 21861 10380 6394 34395 15724 17188
0 118887 15921 13184 3410 3191 5436 5012 9199
0 10636 14597 20068 11927 10670 25148 18622 23280
0 16000 22343 54747 14823 8440 35169 8861 9061
0 9741 6371 8126 9098 9397 16236 11364 13883
0 37887 13194 8634 18393 14489 36781 9283 11719
0 417526 12744 16653 7314 4774 5293 3922 7045
0 9559 51136 8444 2583 11920 19327 9486 14161
1 116823 51241 31504 1584 1971 7088 5748 5173
1 304580 30008 2361 6589 2041 5707 2429 3063
1 105550 14604 13206 3493 1865 6041 4388 2571
1 115831 6899 214 628 665 1435 1711 1195
1 5223 16487 5937 17013 11719 25119 9308 25448
1 402344 65625 34326 22826 39336 27039 20489 9710
1 16149 37601 16952 13319 26488 26852 6141 15803
1 343653 41082 10863 11159 1965 10765 3568 2451
1 91141 56540 5661 5735 2858 824 1020 833
1 932446 168230 16323 9647 8068 27668 8669 6361
2 17398 5605 7036 55883 28081 35391 9992 15782
2 38327 25316 2719 1924 910 2069 1601 843
2 1426005 121013 47162 9035 36861 45813 12961 29450
2 32671 27056 12417 57550 5566 20906 10201 13675
2 38326 65794 13365 3885 15451 14536 14798 5700
2 733063 41280 16607 15492 15580 37898 17824 15483
2 4195 9600 11502 8371 7519 26558 19134 9354
2 10677 32944 8622 5722 7699 19089 11528 11441
2 5017 15630 18902 4455 31106 23835 18061 14150
2 4928 8331 5491 16791 30430 30813 22566 9524
0 16205 21803 15962 8614 10424 23098 12860 13984
0 8669 17348 6202 12268 16517 14229 17916 6577
0 14038 24812 21398 22785 10101 20509 18426 18021
0 112569 22974 4556 3949 5762 9061 13391 4709
0 221692 2666 1112 1240 742 1336 1050 1715
0 97999 47908 6160 3742 6527 6862 1650 7847
0 5326 28337 17220 10314 18896 18128 12531 10576
0 10852 16283 10819 9452 37281 16333 10141 10110
0 10483 12786 3008 9503 7918 36648 8521 11749
0 224195 17825 27192 23379 15354 33102 12522 16443
1 774420 21617 9513 8366 8420 9018 5959 1262
1 305334 24105 2257 22789 4194 7022 2892 3197
1 787729 151948 11805 11943 10168 5415 5618 9166
1 60446 20437 11530 3374 10206 7999 2934 4239
1 155367 303801 21262 15122 9131 11316 4938 3044
1 319848 347807 88796 22812 11719 64936 16350 19371
1 25421 7749 9260 11900 11628 25997 21150 9458
1 128999 9996 3449 1834 2744 2792 728 904
1 404543 53951 21157 23045 23265 9445 5120 6812
1 13760 25605 26890 21730 16416 37660 9371 22511
2 17526 36660 5413 72326 23928 26874 7613 14989
2 10367 35262 43248 19285 12180 13844 15721 9667
2 25738 45647 23521 17281 24748 30013 5033 7314
2 22423 47015 18225 9386 27449 11127 5620 7404
2 5830 21130 9465 7746 11450 14399 8883 6954
2 6752 6116 6201 11700 15923 20998 4353 16065
2 29643 12262 32055 16370 7112 16771 11349 6805
2 8930 12539 8135 46176 17755 26398 17905 13818
2 48127 11242 4574 7831 21216 24166 25639 10041
2 4354 14059 13748 31415 6797 31683 24900 9071
0 14302 5889 5753 48488 47975 25202 10298 13915
0 51751 6742 6939 1728 3313 5480 2779 4663
0 897309 80850 2320 15970 11885 12706 3631 4782
0 318123 85899 10152 20019 6841 21779 16964 13091
0 22807 33077 8522 38955 14513 17190 10497 14170
0 49531 41591 12389 7862 4177 4003 4403 2421
0 11196 25909 33397 5981 11556 28543 9531 7980
0 7620 22968 6345 10430 11461 20362 11673 16507
0 42466 12504 17720 43155 9428 24106 4565 8855
0 16524 30049 32925 27271 5255 20326 16592 4515
1 1170234 31333 4377 11108 5397 4438 4128 3399
1 37416 45963 30863 35949 9831 14627 7152 5466
1 1570768 156924 25783 16434 13110 16753 9376 4627
1 9530 7991 22398 26770 8629 41405 13506 23496
1 20887 10452 21358 22180 12300 16203 8345 12689
1 130461 32547 27630 13075 4889 22174 10601 5158
1 69070 30274 97 3157 11932 10766 981 2398
1 206229 13124 12244 5318 3630 2353 2267 1681
1 53044 118905 31772 3557 15787 25837 17049 11107
1 22631 21480 2240 5548 2812 3386 2001 1384
2 117648 23370 6867 10823 5862 4088 4496 693
2 240201 116177 14559 2522 8682 11985 1992 2212
2 247013 28201 25002 40681 16718 16897 10086 2990
2 168243 99902 69462 40401 19508 55531 35635 18514
2 9643 37678 25600 15986 17236 34049 9832 9515
2 33471 26558 2779 9939 6653 22618 8834 12182
2 2449 26227 12475 11550 10022 8743 14367 10506
2 206306 18150 9933 1326 2280 8723 16000 7812
2 111691 21714 2637 8513 5046 6381 5789 11068
2 3783 33261 6744 8723 46489 17505 9658 14622
0 34499 13698 9616 12505 43305 25672 22697 9494
0 7545 29934 29053 15206 5834 8364 2739 13336
0 21812 29728 4826 51897 8595 22717 5901 8125
0 9694 20802 21216 19387 10274 12026 16147 3702
0 6021 13293 28485 5353 11498 6946 9538 5020
0 8272 22328 10026 24540 31156 15059 7206 4904
0 6476 26755 6396 23229 14525 17152 10379 6100
0 463125 73123 21277 6652 32034 29897 15411 12818
0 22018 21677 64917 11326 10296 11945 9209 7495
0 18870 5540 24344 20928 13177 27482 10946 13111
1 213241 6935 3369 3311 574 2438 3418 1602
1 36420 7441 7492 691 1843 1283 1120 680
1 112479 73425 24679 27893 21361 18145 8950 12441
1 42315 8970 16375 13132 15605 14401 23833 4413
1 43538 39467 5984 2888 2258 5597 2299 3468
1 72740 24547 9821 16180 3847 6206 5262 1353
1 98938 59276 9925 21805 3536 3458 8699 3153
1 205642 4992 4467 2070 508 1333 1826 406
1 3015 12956 6080 54272 5305 22712 14655 15016
1 422785 37224 12357 6087 6200 17034 7948 30067
2 14538 31365 8001 12306 19559 42694 17624 11649
2 105262 13084 10372 5992 2840 7130 3786 2397
2 19006 9275 17504 56131 9042 57825 7182 10063
2 38159 14887 48945 36936 11466 15868 8304 3543
2 5904 9904 9930 16713 6741 18738 9960 4345
2 7026 11215 6188 11149 16705 11404 5765 6682
2 16312 8987 26632 41133 12709 19778 8105 5243
2 11355 5370 25946 25944 15689 9547 5877 8614
2 9263 11061 52456 26356 13610 9993 7978 3773
2 15348 19746 23265 8911 17359 16657 8056 14849
0 11704 20179 13763 10394 15243 18848 5168 5742
0 123345 46490 30811 3252 10296 22285 6790 4549
0 11262 17025 11140 17596 8080 10117 4802 7336
0 26797 31948 6724 47695 6339 36860 14720 12285
0 416336 24110 36696 24138 8820 14578 15180 12951
0 452907 66340 6572 2496 1553 10983 11914 9018
0 2496 1675 13955 6170 28364 29366 9372 6816
0 16987 19668 24316 3978 7483 9792 8237 16245
0 16516 16223 26404 26302 7037 9809 4338 9455
0 29488 17643 14992 11026 16681 18300 7738 4569
1 23804 3229 7565 4125 1822 4575 2089 2465
1 1863937 519772 129308 85290 47195 41942 11198 8734
1 61293 22302 753 619 3264 514 370 236
1 23939 13090 6856 7981 2319 3226 1507 2782
1 229910 91461 7774 11011 2482 14492 12929 6189
1 33471 8691 2530 2083 847 3668 1961 2409
1 743729 84291 7049 1374 3396 3002 4993 1859
1 58848 9694 2300 498 2069 822 690 169
1 153098 30534 6357 7353 4205 2968 1978 1198
1 41057 13094 7980 28393 3692 10771 4643 7321
2 2282 21336 10549 49666 8901 20404 21400 3138
2 14995 12801 11821 22844 19699 34737 10582 6106
2 4104 19054 12672 25446 8835 14011 7420 7663
2 9812 15918 27104 25762 4855 20362 5902 6707
2 14791 27589 24416 43681 6959 17628 7951 6662
2 61926 9571 7796 9291 2029 2114 2056 2553
2 49907 52895 3264 8981 10924 9551 6816 7075
2 47422 34581 1742 3381 1602 2921 1390 919
2 31022 7553 25453 6906 5679 19524 10132 15727
2 8774 22907 23558 36540 16259 11588 6038 11196
0 463859 7871 25517 52495 7914 8316 15906 5843
0 427233 113647 18394 28856 23556 12913 7191 5435
0 122851 147848 24196 6833 10206 9104 8642 5522
0 42013 3930 26546 10255 8399 6310 5461 4423
0 41894 44973 5947 3772 7591 20848 8095 3681
0 613019 59890 21818 4082 16019 20419 5301 4743
0 6327 28149 11199 34842 5964 15068 14559 6419
0 8875 24197 8534 10946 13391 13514 8611 5990
0 13816 21497 11045 34309 6316 22522 8565 3362
0 71079 44786 8850 3614 6862 5650 1876 3101
1 245164 20503 16282 21640 18951 8357 7662 8803
1 94651 41333 7171 13874 2693 3928 3422 2553
1 1712439 369510 114337 15660 10135 17909 19022 5474
1 982555 28994 25779 6945 1738 10030 4515 2909
1 224192 6263 8660 10858 9857 5790 2148 6842
1 77410 18557 1018 1174 997 1499 1500 822
1 9207 10279 63536 56104 10296 12414 23764 10616
1 144361 81158 112685 39679 9522 27003 9317 26896
1 4250 7319 45905 55363 18880 26564 22811 8507
1 2407 10931 12412 9356 8381 23870 17757 18825
2 11406 54604 5576 7331 10853 18487 8191 5843
2 6855 11546 23584 21585 20099 19112 6817 6189
2 26424 29560 33988 26368 4728 14745 17414 8346
2 26375 16591 11781 28694 23880 30904 9740 12879
2 41120 4800 1645 4120 791 1340 753 329
2 1216782 44752 40459 29379 19768 19902 14234 13451
2 61291 17589 33409 19024 18554 44588 7983 9983
2 89239 9956 3673 5756 3497 5628 5827 2050
2 83031 16271 3630 3044 1685 6067 3412 2479
2 43479 19708 37439 17360 2402 28488 21695 7536
0 25392 12553 20391 15779 1728 14231 13532 8871
0 19443 23941 1631 27028 8220 18999 13780 13233
0 81661 36482 15516 4694 2774 5874 6274 5836
0 167475 42884 41080 45018 12840 19576 26342 12630
0 35039 37406 20915 5793 18535 20961 29434 8570
0 1633846 185340 24478 15211 29239 28718 20170 13831
0 1198040 286894 43172 28241 29287 59888 67593 45734
0 196986 26025 3653 8703 1840 2943 1874 2716
0 88579 18726 3091 4132 1747 3905 5111 2389
0 272203 57964 27570 20873 12870 20486 5490 16153
1 51282 4660 4721 969 922 810 822 797
1 92304 17350 8797 24793 15945 3799 2030 3702
1 23566 18958 528 2065 2019 1111 756 455
1 3025662 240435 117139 105227 67186 25411 24302 9977
1 25927 7152 1225 573 1512 1107 968 1355
1 99324 27438 1381 5337 4628 4636 2066 1085
1 11843 6984 983 4046 3707 2821 3298 1603
1 332205 104434 71360 21875 6531 19127 13001 7520
1 155759 27922 12040 3704 5006 3190 1961 3189
1 39040 30602 10493 3499 12041 8741 33145 6677
2 204918 90995 21155 34985 3734 15231 17051 5200
2 29673 20108 9984 15391 16654 12009 7866 6417
2 18135 20570 35274 33120 16884 13727 16824 14178
2 31123 13750 38846 32763 23073 29411 19989 15090
2 3662 22736 16655 32585 19753 19247 5818 10162
2 24078 12618 9090 16773 17186 42147 35478 10999
2 65445 10614 1173 3066 1668 6130 4515 1627
2 19961 16692 10311 1705 4132 11493 11722 9745
2 19429 7254 13485 3664 6387 22710 5459 5259
2 24157 8872 37995 4218 13141 13129 8230 13721
0 143299 22208 19761 5957 3586 2588 4978 3130
0 36203 9136 14430 13213 25272 11607 10290 14884
0 172912 66105 10405 6484 4331 31655 14959 14110
0 30657 12616 17858 13955 13795 40265 21294 12651
0 14822 18381 1934 15838 25287 20120 11922 8035
0 19042 20967 920 18050 2210 2352 2559 2242
0 213221 108996 42011 32939 21352 17160 11018 6726
0 506504 76744 15136 56558 4126 15715 17193 3566
0 10685 19344 23343 16284 15864 9059 14978 5357
0 13357 19802 8053 10644 5816 18047 9221 7696
1 24414 35502 6488 11549 1760 5287 2198 2790
1 1986415 223543 18659 12796 19897 15912 10144 11739
1 62837 20983 8786 7840 5402 5163 2911 1599
1 32903 11613 14479 11083 9853 22192 7838 5790
1 170430 72529 44783 42548 21802 18420 11913 11440
1 737042 57155 54115 7367 8462 20979 11641 9283
1 13424 18732 1119 4280 7997 8679 7790 4752
1 214550 18501 1560 2406 1653 1484 591 361
1 11088 13391 16275 63966 4797 8462 2846 2351
1 67176 43215 1330 71937 22674 24269 5707 4281
2 7230 15182 4522 4920 8800 6464 2965 3422
2 6628 24968 2738 13839 9569 15111 4765 9557
2 6346 28985 5763 7078 4056 14000 16908 3589
2 6930 6103 10895 9241 4130 7672 9129 3041
2 11809 12743 46278 34045 15670 12455 14338 5260
2 25550 30566 37053 22196 13085 8689 3020 4248
2 4235 25336 15435 9047 11439 17620 3179 6739
2 53206 25293 14473 7942 1479 5365 5446 3888
2 7371 31600 8988 12316 6704 12202 7999 6457
2 130450 75006 49650 31413 6016 19094 14702 11097
0 63430 10114 259 1928 370 1272 437 746
0 3028569 119315 25778 8188 14142 28374 15750 9704
0 25400 22195 12847 8884 19007 7542 12714 7491
0 5892 15412 8940 37106 13749 13308 14063 11307
0 36375 30969 13439 15520 16704 13843 16869 7257
0 187025 10780 13282 4908 2072 3403 1348 806
0 15118 14820 11573 8693 19999 19704 5762 3749
0 15655 14633 20381 6502 7329 22149 9060 4981
0 60942 60041 15629 1953 8664 13304 7948 21662
0 31555 40169 41596 5546 11298 8723 5353 5569
1 312365 35335 41060 11208 29338 18174 12110 4693
1 45076 29508 3457 14133 16997 15398 18956 14960
1 35489 32058 3929 13857 12141 11661 7575 6010
1 916943 219770 21396 5330 20253 25092 9805 6677
1 48344 22170 5482 2478 3147 7335 3373 1883
1 265331 70397 5269 11625 15705 19029 7816 11991
1 540515 314774 11742 5673 12513 13745 15856 3297
1 155341 27950 10679 9874 11698 7745 6021 8032
1 109324 9408 987 3079 2474 7922 1097 2025
1 13503 10196 21854 34910 8681 54012 14215 22939
2 375384 76103 7089 4678 3187 5330 1042 1406
2 216305 20891 3369 10870 10326 3347 3245 2409
2 11903 5555 16526 6631 3914 14238 3688 1235
2 44389 29795 8136 4486 4211 6578 4923 6749
2 31365 5970 21398 6974 18753 8842 3481 6919
2 32964 10059 15717 7267 10954 27617 7517 4395
2 26702 5817 3233 2744 1936 1767 1102 908
2 30941 27855 18814 18490 11534 8891 12654 6308
2 15565 8375 9911 10169 13664 6735 5783 10720
2 253337 18094 4686 3837 5027 4038 3738 2031
0 4889 16478 23628 6449 6598 6461 5926 8848
0 3334 11447 6031 6280 15902 5618 3673 4356
0 14008 1947 8723 20486 6484 20368 26259 6096
0 29196 28108 17753 61668 21055 34779 24511 19150
0 102977 37656 2133 5047 3835 11706 4169 5272
0 66974 22546 17274 26243 14189 55806 53684 13497
0 112897 37802 16630 2505 8072 5281 7550 8469
0 21804 24512 4459 68462 18292 32251 18933 18574
0 211723 38090 5836 1783 1699 11068 14866 4409
0 54972 14821 19665 37547 11893 29073 15388 6196
1 194748 131275 36292 10447 7063 4461 3443 4656
1 2106084 254692 60412 41453 38506 14652 8670 14284
1 1470305 72968 33862 16328 15284 13636 13251 10087
1 95484 6881 4041 2750 1874 2278 1318 924
1 126856 143338 19608 40412 24926 7896 13978 9900
1 38907 23929 5942 29602 14076 11546 20049 14183
1 60674 22526 6566 17732 28693 9747 23128 10162
1 550419 66478 21541 10183 16066 32860 19413 8258
1 80450 8745 10930 5237 6442 2300 3310 7473
1 14244 26739 21297 7356 36405 11477 11588 13419
2 27567 28265 23082 50093 20303 33311 17734 13690
2 21809 84142 24956 2756 21980 20644 11667 5736
2 25942 11562 11355 18926 16426 20360 12061 12871
2 17791 7452 26358 6402 10558 24308 13229 9866
2 5368 17452 34893 17536 15823 23168 21160 14929
2 33222 12893 7089 7048 1777 5121 3253 2407
2 22105 6907 9970 3805 18165 38933 14214 21894
2 9096 16810 28176 21672 4180 35494 10212 6371
2 70095 47294 49608 19291 21236 27247 17794 13761
2 12651 13907 15709 47570 7038 17913 19646 7673
0 47702 18329 4687 2275 1156 816 812 445
0 373227 69032 1585 16208 27251 20408 21971 11998
0 26949 3842 6933 23458 6548 15302 14876 3580
0 12800 8977 7750 21420 9984 5083 12231 6819
0 24670 20452 18935 30823 5582 44013 29314 25697
0 60010 136255 28601 19557 9344 20767 25303 42929
0 1631734 111265 15980 103291 61130 54271 62200 59245
0 115573 219970 14177 8972 6383 10490 7465 5908
0 1303219 396448 59431 93793 64388 28987 28696 41350
0 806293 173894 130917 180685 84373 46061 38032 27729
1 9707 10164 19804 42097 13264 20289 17111 10399
1 8961 22318 12266 14950 6419 16774 7878 7954
1 53658 56339 5341 24875 2936 3331 1552 1484
1 345848 21660 7344 3488 2026 5166 2571 2288
1 13616 13596 17037 23863 5724 17685 12948 11997
1 6026 46142 5947 37865 18600 15909 5599 10841
1 17663 5673 3574 1572 4092 1285 1958 846
1 73999 13310 2960 1195 714 793 1018 444
1 6909 58496 78681 11731 18163 25142 8986 4937
1 47079 25242 3873 6133 3521 4868 2275 1115
2 34941 14834 19094 5290 11953 18601 21633 9317
2 10130 26894 29716 36694 6300 12829 5886 7317
2 36507 22805 6956 5134 2522 2201 1777 1374
2 398667 46544 8180 14446 7549 4407 2620 2095
2 32825 15166 3055 51356 12098 18528 8887 5519
2 50708 18063 482 2926 2064 3303 2519 1887
2 13543 21133 22520 4301 5641 19425 2422 3092
2 20397 28243 11440 8864 42198 18892 7411 7931
2 17262 8334 21669 20689 2366 6528 8764 5611
2 16871 20454 28700 18633 5778 9364 5103 8606
0 12859 6408 9090 39370 13102 17061 16200 9985
0 22160 17437 22726 22260 30740 25755 48703 12610
0 46883 58791 23763 11217 30621 16190 9433 8674
0 164895 63368 8714 19018 16858 24351 21493 16832
0 100367 50420 17893 6939 6339 25667 9866 13434
0 130281 103871 44932 13645 17717 7582 6968 13319
0 316852 34094 19462 20107 29207 40631 37231 47624
0 48437 59026 15817 13611 10829 41441 9497 15945
0 11470 13241 31184 48357 31290 17667 14450 3462
0 7929 21749 37100 21100 14441 18206 12506 5824
1 145976 91507 9893 4489 2566 2093 1393 2451
1 160381 121265 78210 17781 8521 17526 20763 10414
1 54301 70926 8327 24016 26565 22682 8202 14640
1 26838 28080 15539 28427 8730 8853 6477 2882
1 26188 5301 21617 22355 8074 14886 3335 11824
1 10784 26239 17001 34328 6210 8849 5071 10003
1 413800 163094 22001 76570 34244 22715 33430 17660
1 16088 3643 12692 22952 13769 7250 2780 4270
1 826 8467 6156 8354 3790 17944 11580 6943
1 15994 11064 2503 18368 7848 16651 16532 6370
2 3978 8869 2821 10138 6692 27691 9933 7375
2 38260 28783 7422 11894 4071 10826 4009 7235
2 51052 12162 6823 28595 8778 16686 9050 10140
2 174959 23649 7451 2445 2981 8099 3261 4712
2 19015 9405 6113 15810 4499 14288 11705 4820
2 9731 24229 8112 7003 21393 11503 3013 6391
2 4536 4449 32039 17664 7688 19080 7982 4958
2 11602 12468 35518 22000 5401 16204 15551 3728
2 8766 33583 7965 16125 6481 19034 9684 4091
2 43181 6922 6003 10928 7315 7542 10906 4517
0 11340 20206 5673 22473 3942 8464 8900 5341
0 88831 8952 2654 3506 4355 3432 3067 3237
0 53165 17158 9775 5335 3774 1713 996 445
0 47307 35597 31479 12131 2993 10829 4081 5168
0 100788 9996 9586 23411 17360 13784 13256 7692
0 49633 13945 7247 3679 2646 4937 2028 891
0 47142 74119 10958 22286 7943 4195 4124 4278
0 8574 35983 38861 8099 5094 8317 8720 7363
0 65584 13032 22425 27326 14535 16196 21954 13292
0 28452 36720 55917 10198 10473 36177 11343 12299
1 836325 20179 15711 13861 4513 3209 2172 1421
1 571058 115728 8619 10419 7037 14525 6450 11756
1 393892 30216 30086 26927 15962 6467 3574 4246
1 209469 21251 6884 2823 1756 5973 1897 3096
1 222016 20646 4577 3179 1190 1511 533 522
1 113059 35830 3658 11985 3699 4262 3205 1093
1 1008504 221530 172865 29014 16410 36798 4505 5202
1 855457 109964 21015 52948 3452 13550 12559 5033
1 104765 16271 20228 16430 17583 14009 9075 12050
1 616527 86257 52424 23802 6132 15004 15074 8877
2 31976 21789 29090 23424 15199 24948 7013 3631
2 21539 5758 20310 16907 15801 10831 3572 2599
2 142561 152801 22153 3665 4687 5768 2309 3720
2 113595 945 2866 617 991 876 779 564
2 13768 28496 4778 22739 6081 18157 8810 7455
2 3457 6218 11266 35277 11318 32706 8789 4544
2 4877 14781 43197 60873 5331 9279 9654 6099
2 3078 24363 17234 13740 5042 29358 4857 6003
2 21513 15134 33909 10101 6131 19523 5370 9555
2 24205 33382 40435 33316 3691 16355 9378 4368
0 44541 49340 3354 2100 2668 3777 1874 499
0 894317 36750 19570 33740 11487 11885 31610 10716
0 11436 23207 43809 14367 5978 9517 7820 13001
0 7607 20709 29202 9659 12409 22982 11574 4297
0 20594 15370 15772 10370 14070 12086 7380 10875
0 9875 33390 13961 6355 4056 36848 9796 1724
0 13024 28771 26879 4578 12559 23404 24987 10399
0 5674 8210 33461 11112 4819 11955 9537 5699
0 84805 29845 4081 1649 2157 1658 1295 1227
0 69767 88878 8582 8646 10560 11022 3143 1695
1 39696 19466 2098 1284 536 781 525 1109
1 301320 22755 8916 11406 1151 3372 1235 787
1 33018 13177 2896 8069 1717 7615 1374 1528
1 727776 27071 10129 9372 4274 7239 2353 4509
1 1340936 204441 7447 8534 7718 5437 6016 3394
1 1424064 378699 47655 15460 10321 15864 6169 4182
1 12137 11415 4098 5945 11880 17307 4695 6489
1 15533 15638 20882 10067 2808 12772 5685 6804
1 3765 23392 23076 12079 8077 14540 8200 8333
1 29340 11536 4957 2853 2097 2862 816 1252
2 22302 17906 12197 5007 7643 16654 7886 7104
2 657672 42671 10665 34205 8547 17230 8597 3700
2 17376 17036 3984 20511 4896 10794 5955 3714
2 7585 39736 2515 18202 7690 8192 5627 2350
2 13914 18629 11893 2606 3238 10506 4572 6987
2 278981 36880 17752 5151 4792 4442 5968 2335
2 552650 43429 8210 5483 3178 4378 3306 1322
2 55480 28396 4785 8726 8972 17032 4462 6320
2 19081 10464 11423 17272 6311 20541 5631 6615
2 16577 15569 64562 38882 4807 8865 3184 4539
0 32679 12391 65137 9880 32970 16857 7275 2845
0 12783 3091 15902 32637 15243 11346 4894 4424
0 19513 4949 25555 5922 15456 18734 3298 7173
0 27312 7410 6787 7214 11671 8302 11592 4810
0 235468 5632 7138 5074 1119 2115 1518 1344
0 20778 9619 12254 8162 23206 13201 5177 6273
0 72901 18733 8811 1736 6498 2649 1896 1937
0 17470 7653 3379 9563 4542 12242 4736 2989
0 9384 15558 5259 11852 19918 5454 6111 3243
0 27936 12594 5965 6930 12234 6146 13926 7738
1 44874 7005 19393 29667 25785 14047 4472 3581
1 3266 17711 133174 20373 10591 9969 3833 2024
1 10737 14341 24526 13074 6443 7412 10067 3417
1 462700 106943 415 10262 2574 968 767 1164
1 15502 7184 2446 4628 3006 1279 1689 1184
1 1896248 145852 48562 15898 3894 18174 7458 9360
1 407990 18446 10875 4869 1324 5026 4658 1555
1 3511 13467 33966 8750 4570 9313 6186 8877
1 3217 40651 15915 8829 6258 10511 9140 5338
1 6644 12650 8507 1356 7596 18916 10950 12743
2 14944 5819 200 14810 3346 16815 7646 4013
2 10542 15830 15165 9523 12911 11251 9910 2460
2 23929 2659 11950 2924 12042 13597 7260 2927
2 6450 12272 7725 13776 4520 24950 2233 3517
2 38569 4724 38808 10790 8199 7999 8230 10201
2 12587 17350 6346 32339 4662 21257 6565 12731
2 13638 17596 4909 9941 3553 12690 4136 5902
2 6543 12189 7050 14625 9719 9737 3758 6416
2 532993 193775 2071 14308 10808 21909 11455 7212
2 188707 81157 69205 20512 18168 11511 8898 5121
0 148643 9972 1709 5675 2348 6583 1648 2038
0 18808 6402 23624 3658 11613 33236 9866 9415
0 8779 12467 5416 3487 3089 11485 6705 6021
0 6793 8651 7971 9760 8729 6200 2919 12754
0 4243 51313 28898 10322 2209 9208 12963 6730
0 63415 50531 6067 13561 1442 16365 19596 18582
0 8286 10976 2195 9875 11730 19069 4662 6522
0 8497 11714 4324 8954 8836 5882 5749 8615
0 10363 10437 28479 16384 6295 12534 6127 4386
0 23769 16977 7216 6740 8196 9660 9000 9120
1 22620 7254 650 22748 5421 6532 5553 1936
1 17048 5016 3184 12754 3687 11700 7013 6219
1 13314 15414 45614 40088 15986 13460 15831 35759
1 3605 32952 10394 6927 6570 15590 6060 6291
1 122378 157140 138225 23329 11477 8032 8063 6558
1 227393 31555 9143 3539 1069 7299 1107 5798
1 11346 18796 7017 7964 5241 21180 4099 8399
1 21768 10122 5861 17249 6534 10585 6744 6862
1 18362 32205 17663 29468 2156 15101 12936 9024
1 272379 30296 1722 5807 3016 1988 4631 1419
2 27752 53503 59949 4305 2073 19399 17457 11690
2 120805 56263 48624 14386 18072 45327 27158 19557
2 24482 9815 11168 24272 7991 7863 8206 10625
2 6645 10577 17170 9162 4115 13178 15283 8804
2 91703 20368 15561 11804 4747 14955 28051 9065
2 98704 15318 6299 10044 6766 4913 2977 1934
2 111702 14869 1989 2350 1664 4273 5701 2692
2 18608 26638 11701 60647 9269 31787 16728 7945
2 21475 7157 18041 9103 14408 13200 7063 4174
2 1136 6132 12975 20824 5898 15041 8315 4044
