0 12087 19574 23445 10817 17687 26633 16255 11214
0 4960 15426 9075 7075 14211 29463 15517 10372
0 8214 37528 1718 15919 6777 29204 18078 9445
0 119260 22336 7894 11728 13091 10355 5021 8732
0 66771 12090 2924 2428 1078 7615 3345 3531
0 96750 5802 1838 4757 4629 17542 22709 27213
0 39451 16662 10578 23325 9861 49858 14442 30321
0 89406 106831 34039 24760 9673 33204 27344 9476
0 14842 14130 2877 15937 27313 25242 28289 21131
0 20830 19968 3792 22398 9619 27848 7534 10522
1 119439 11530 6729 15103 13659 23657 16171 8403
1 60208 48684 5347 1977 3298 5274 2857 6011
1 19001 24965 4829 9788 12393 24586 18916 13545
1 11651 12204 4524 13027 12500 12931 7141 9872
1 97757 70858 2096 1510 1101 2145 1380 2421
1 10027 21263 18889 20690 7023 20200 11733 6527
1 186683 23216 5843 18051 10484 15286 4003 4488
1 15172 11386 4829 9540 7799 11645 6126 6886
1 66380 38631 5858 3453 1571 4537 1933 2287
1 18390 8297 7159 3718 3860 3001 3718 1816
2 709848 71971 18567 68861 15073 13987 7612 11229
2 17362 9647 5856 29979 8184 5193 6502 13248
2 33239 20344 12426 20147 14442 46644 14224 10483
2 156853 73921 15713 5139 5029 5159 2672 2041
2 26887 5401 13057 9905 2221 23826 4681 21857
2 103907 19213 5270 5523 261 3539 6680 3313
2 12369 32718 2995 19908 11350 17648 6020 19364
2 28022 93329 2485 6535 9941 17691 13795 8154
2 16430 6873 6642 12499 13634 11030 8919 4089
2 18975 24224 19718 10134 10912 9915 6751 11092
0 12395 36576 1356 6006 8179 24980 4654 5106
0 1249 7447 12345 14550 14643 21496 15269 8545
0 2125 18075 11965 35696 13621 10024 11002 7969
0 44547 20218 8970 1911 1739 2354 3994 1703
0 11457 12577 2457 17169 2284 9302 16328 10702
0 17711 10218 15689 9027 16580 27117 13245 7439
0 20110 24104 16374 4393 14340 35611 6394 10446
0 8877 21564 1245 15640 5337 17578 6967 11997
0 21737 26491 9614 14083 7387 20120 10348 13357
0 8489 16289 5622 17871 6470 25285 6975 7476
1 42954 20555 1742 3448 1298 2354 1740 2404
1 329354 14647 343 1592 2341 2973 1414 1054
1 39226 9511 1420 3280 2038 2038 1949 2885
1 46600 13127 7266 6119 4084 16153 4797 9604
1 84163 25491 1215 1539 3690 3626 549 1240
1 138430 77645 11875 7683 9923 9660 3209 2462
1 1408874 90675 34459 15653 21489 6432 5734 4938
1 70917 13941 60860 61873 29923 7243 7210 6247
1 54033 44004 2382 7972 6831 2835 1586 964
1 84808 47669 3561 3460 934 2206 1268 1361
2 42497 3432 20097 11362 3175 18986 4336 8436
2 24367 8134 3686 13276 6818 21369 8965 5575
2 34818 7571 745 18216 10225 21627 6357 8018
2 1106375 68487 18842 18267 8353 9227 8351 5951
2 23521 29463 26704 25923 17907 48591 12012 8088
2 17696 10688 27617 19812 3504 11065 5818 10164
2 6829 10740 31785 27888 5793 21232 14030 14015
2 1025 21926 19165 16786 3240 18646 11360 9622
2 3317 20792 23988 12169 5455 17336 16661 13607
2 5134 7271 4302 4653 7532 40820 5571 8482
0 14472 10829 18325 9477 17279 18823 10248 5454
0 9936 28190 2640 6363 14821 17718 7161 11672
0 6649 44598 6799 10586 10483 21419 15816 9725
0 13947 37189 27284 10481 8306 19130 6448 8136
0 2537 8751 9449 11106 5990 34981 11300 15886
0 5392 18314 28103 16213 4879 19115 15276 17125
0 11669 6530 7859 8379 7938 28983 6509 11992
0 16195 36395 21662 2623 13994 16157 10470 5510
0 10917 18283 3433 4849 10875 34251 12608 7670
0 564328 72555 10375 14696 8789 20482 25469 22941
1 142690 61091 1682 6156 2336 4618 3365 2124
1 71283 81780 74284 71514 19447 20553 11184 8450
1 508281 81987 14603 20422 10053 12503 12259 11969
1 60806 9218 2429 8590 5523 4644 3015 3945
1 214562 35710 2453 5227 1426 1921 624 587
1 10461 3248 5753 10627 15572 13883 3015 6179
1 83497 27327 11597 7512 3218 16265 8568 2734
1 13924 6449 13489 5413 10357 18154 10408 4949
1 10017 12202 38620 15179 12425 6193 13096 10454
1 380994 49590 3000 8379 2561 13197 6851 7394
2 11128 14887 3224 4231 15726 17868 8985 3955
2 8303 9146 3273 9968 13705 7673 5363 6660
2 1754 17267 10426 17290 9779 21483 5037 10446
2 8684 22874 16415 4498 13424 7313 8472 9712
2 12709 18637 15775 11721 11953 16619 16654 14511
2 7405 29542 7262 10294 6072 15389 24527 10218
2 1796 6786 3120 5485 6122 21786 9337 10127
2 11584 11751 26294 26049 5328 46647 25035 17440
2 1379 9114 7612 4783 11875 15373 14293 8154
2 10303 14313 14417 6834 3729 44511 13100 9123
0 3002 9741 14239 8636 24137 24495 43797 9029
0 10040 6454 5393 10136 9076 30844 14055 6043
0 345723 65942 61736 16704 10500 18859 12938 10394
0 42387 19493 5524 8361 2798 61225 5078 9829
0 13121 17421 12372 6778 3461 45572 13440 14202
0 35224 39194 35725 29053 6600 16253 3942 14486
0 44304 14068 437 7038 2840 10379 2231 2611
0 9943 47296 12398 6577 13458 18387 17505 10248
0 14422 10197 23399 32202 11524 59605 20992 12470
0 7859 90467 20939 3029 12311 39492 30556 6017
1 561048 290438 27020 28857 17961 36549 13965 4802
1 44659 10494 5983 2138 2969 3407 2096 1668
1 17138 37825 11078 5005 6618 1567 2404 3441
1 91938 8888 2088 7473 1940 2951 5228 1666
1 85283 36981 2862 3808 6621 4429 1895 1259
1 41818 37213 3345 7700 1896 5356 3206 2926
1 719525 103399 39260 45633 24320 8777 14971 7823
1 215586 22650 4135 1341 1153 1428 1159 687
1 106778 18287 5061 5205 2683 4495 1456 6099
1 36886 18349 89512 4585 9611 14402 14605 12833
2 25242 15551 32785 23721 11306 57137 11235 5468
2 3218 56632 21683 13332 5798 19576 23177 11159
2 7164 13209 11254 8464 23123 16559 39604 29284
2 5032 3833 4098 7972 11364 47111 16008 12744
2 20003 13278 4028 7952 14574 18249 12325 6503
2 2567918 75273 53335 46674 29563 52683 13032 15053
2 37138 14493 1935 17203 7299 37397 9083 13798
2 2093 19642 8445 9545 13463 15763 13301 8339
2 12403 17785 19587 8102 6215 24891 8320 18509
2 273226 30444 2395 16289 9706 19651 9532 15992
0 4332 11530 17988 7761 12630 41149 11649 12120
0 10343 45186 6104 15202 7163 31187 7014 9947
0 11344 33323 14322 3106 4008 16356 9849 19134
0 3591 28574 2649 4909 13230 41738 12690 6357
0 31716 13371 3698 9366 3590 30647 22838 6972
0 61433 13275 4380 2653 5619 3530 6369 2663
0 93785 34587 19334 22253 3977 4456 2030 1372
0 36502 11520 15718 2205 18912 22661 16648 10221
0 118774 17730 1198 10697 7234 19590 9167 13335
0 64703 30722 2465 1703 935 4635 8519 5480
1 574360 150883 14959 33596 7167 23106 11006 8354
1 22373 13359 18650 35295 8339 22195 19172 11456
1 18338 23115 1446 31809 7780 18551 21884 7668
1 70998 44032 4820 3707 9008 8011 2437 1937
1 12687 32833 22519 41812 7610 30973 16110 11930
1 4485 17793 24720 15494 11971 18677 7546 10970
1 84420 5585 2118 1425 1748 2706 986 499
1 8725 35417 6848 19031 9393 23454 14119 14185
1 232177 10779 12633 4033 2325 7787 1614 4374
1 186279 34081 6152 11980 3721 6010 2055 2903
2 135913 8418 1519 3888 3174 4770 4270 2654
2 73593 3421 3204 2667 2555 2390 2920 2307
2 2704 25060 15685 18735 4172 37372 20110 14646
2 424070 142013 15803 22303 5317 32184 18361 14919
2 537256 55369 23889 11172 13071 31459 14844 9944
2 11185 22797 11673 4805 20130 29735 11809 20334
2 10491 43165 22928 7117 5825 41687 5030 9929
2 20132 39438 7638 7340 4761 18046 14605 15137
2 49578 18234 1625 4740 2654 7400 1081 4395
2 7595 43604 1571 14651 5429 11082 7761 8847
0 102330 12452 748 1505 4977 6767 2971 1630
0 10135 28356 1355 2397 12514 15907 11597 9880
0 701147 89832 13396 9312 15711 29975 15631 14661
0 402699 17651 430 1270 3191 6260 7664 3649
0 109983 15497 2516 1200 3291 3421 4842 3329
0 247235 33789 3845 4332 3192 8644 2455 3614
0 341792 29981 11212 2226 5228 6848 6053 1764
0 55483 6232 1460 779 1942 7179 3934 7337
0 63502 137718 96267 31045 16353 27875 6743 15898
0 518165 38073 11071 37858 15903 31453 46141 15443
1 14364 20583 35802 21201 10868 14515 17580 7208
1 344986 23841 18566 46660 6352 37380 15545 9855
1 69695 31825 8050 7561 5840 9611 3208 4343
1 2758469 39312 33939 59390 10153 46460 13971 8646
1 156656 56956 17965 9908 3987 17602 15302 14858
1 4052 13091 9649 43575 6817 22493 35001 22841
1 85618 20735 15777 9597 5534 6434 7271 4042
1 973939 64537 588 10186 4147 6769 11358 1907
1 533442 34640 31724 27142 9516 14098 40826 12893
1 659987 345806 95348 59693 20182 41735 80326 17395
2 397627 85249 15058 8456 10070 66979 11806 21575
2 148377 3186 4336 7571 1534 8015 4989 4095
2 64993 31349 4457 3810 2356 11268 5722 6029
2 14997 6412 16746 17543 3918 42041 47362 6909
2 9529 7940 1947 11590 3769 98177 22286 17516
2 132309 42971 22230 2968 1412 6175 16442 8043
2 154327 30906 3494 38086 6307 19056 35270 15802
2 32559 15616 1286 1847 2320 3745 2323 2675
2 229879 42771 4362 6242 4416 17807 6251 3177
2 9250 13113 13625 43579 12672 40827 18823 9427
0 6237 7194 33092 17159 10044 30875 23449 30812
0 73271 11450 4801 13906 14255 83905 19331 29634
0 39537 14226 239 1134 2689 1351 925 610
0 212931 101027 1248 3897 4742 7068 13569 3957
0 2463 31872 3857 35828 14631 10869 13630 22232
0 51360 26445 5722 6078 3871 4953 3914 4802
0 1595809 426590 89369 12246 21984 34599 11397 14981
0 476002 26203 39907 44203 6556 10934 4456 6601
0 2246 2992 36224 38515 9545 60051 137531 27904
0 12874 4164 8388 36867 6441 30953 43925 17705
1 152676 37536 2964 3360 2414 3602 1941 1374
1 10182 6606 6606 4602 12595 19125 6367 6734
1 140837 12149 1508 2657 1033 882 318 739
1 161173 75715 9559 5026 1486 3297 1781 3137
1 722134 116580 6217 27263 14381 41641 20026 31017
1 6551 30006 46690 33211 25798 21071 5150 5980
1 93839 48180 9178 3342 7199 2843 3198 3836
1 10581 2796 3029 1285 1861 6689 2007 2699
1 61212 27016 12947 23196 4186 6355 2654 2616
1 1407032 72193 27719 4871 3289 9468 2473 3203
2 5192 8889 16558 8905 9021 61614 18837 26997
2 6736 10096 4735 10753 20048 15747 20317 12982
2 35233 10325 3362 7801 8131 5948 3538 4847
2 1647209 149451 18245 26080 25319 49548 45613 17663
2 2648 5208 291 6400 11579 59393 8732 18914
2 3510 34512 3603 7025 22062 18835 16046 11126
2 1109 14825 4196 10274 13807 20631 14995 9544
2 6531 31549 7424 2625 4056 42719 8610 10463
2 320225 107594 25832 9271 13388 32880 9352 6630
2 13784 7445 1184 1345 6141 66382 24662 11037
0 187680 13115 9844 15183 4949 106745 14799 8539
0 105213 27405 4359 5099 3980 8415 9944 2039
0 539228 23366 26309 6266 6779 9765 6896 6351
0 21427 25358 12967 7380 9118 31673 15727 20048
0 8020 26149 5402 12385 8921 28670 6581 13420
0 7192 6230 11369 17687 7012 35724 10713 10082
0 8482 23780 2777 10506 11224 25635 14289 15932
0 11063 40102 1249 22767 9925 56834 13017 19646
0 1485 24302 3301 8180 5022 27748 14978 13463
0 25894 13828 1696 3345 9016 65749 14005 14091
1 91420 30550 8123 1019 4397 6209 1856 5389
1 72696 25304 8816 1044 3176 6037 2192 8252
1 455774 122232 8245 11120 11244 28950 17416 11209
1 26847 21761 4363 2116 4638 4565 5829 1427
1 39155 8736 579 3356 3687 4370 2582 1976
1 297318 32058 4154 1051 5050 2545 4565 2874
1 80378 16568 37195 12244 3233 21265 6880 4790
1 127476 17636 886 3604 5785 4449 4794 5632
1 51553 40358 4767 2191 1609 1334 4042 800
1 18627 14548 21385 22049 13954 20483 8846 5579
2 57947 25186 7687 758 3300 4839 1479 1988
2 159114 4660 645 3298 857 628 529 752
2 72552 17023 3797 12732 3047 2146 1530 1143
2 945540 59755 37760 64155 14237 11836 26506 3255
2 8103 9924 15636 11856 20579 11896 20865 16931
2 12289 14442 7843 4181 26104 18834 17054 9460
2 3239 11140 14018 22376 7983 24175 12686 18644
2 124133 85031 18947 6824 13284 3413 1884 2677
2 11948 122291 18233 38721 10294 20317 10922 6934
2 19595 19852 20368 7083 14630 13720 6590 10802
0 10547 19049 29485 10354 6594 12186 7878 4773
0 10365 21781 5873 14798 21854 18955 6397 9730
0 53544 14313 1140 1935 1160 927 524 491
0 22165 16473 3707 30409 9125 38678 6942 9372
0 14903 7406 25870 24457 13888 15172 6158 8754
0 13661 11663 20237 8086 9470 16507 3035 8339
0 3448 10391 7738 11526 11888 21245 7413 4124
0 14932 10966 4151 23862 8177 25068 10344 2846
0 112321 7588 10719 2863 7235 4703 2134 2348
0 7766 48643 1246 47725 23386 16768 14001 10028
1 835343 42825 41419 21069 16832 32735 7271 15615
1 40419 40828 15888 5158 14671 5669 1883 1790
1 230169 20571 11056 6056 5619 4915 2562 2024
1 639747 329366 32713 41636 20044 17870 13006 16710
1 81426 61170 6397 10731 4018 2483 2506 770
1 4575 21937 3462 12931 14214 22671 7203 6255
1 6037 25145 26103 4064 23324 18921 7705 6916
1 16044 41957 15592 19692 8817 7108 4524 10169
1 185535 31294 5956 5071 3833 4594 3490 3371
1 102271 41803 3825 24954 15836 8817 4614 5911
2 14863 10111 13080 22566 6910 20112 5124 14531
2 4904 7645 7413 8867 11024 35040 12983 11439
2 4997 12239 22554 33076 6919 51792 17930 16111
2 16630 22274 2566 12769 7504 13278 8102 7864
2 8194 14715 8185 24119 1665 38681 32616 12793
2 10868 17223 8648 1830 6759 35118 17734 1865
2 8129 7222 9950 19631 5903 18744 12572 9295
2 13721 15457 21612 12772 15300 33886 7454 9636
2 109841 6777 3166 5001 4474 6112 4777 4632
2 5708 20114 11497 8862 12146 24822 14825 11657
0 977735 38023 16248 17270 8511 9902 4818 3951
0 210158 26595 6416 2906 9174 5906 1625 3409
0 472450 41681 11608 12197 14823 11900 4983 13170
0 264846 174014 31853 9745 21064 17136 7789 6584
0 778951 127033 10657 6464 39001 51402 16396 34535
0 37927 10556 986 1021 1155 722 1070 905
0 22312 23396 6818 4587 1401 2679 4165 5441
0 30166 50325 5024 13401 20905 28477 18603 21018
0 52863 5515 7152 8685 3290 5115 4779 3633
0 16556 9125 1708 16133 11482 20467 19465 20316
1 87747 24333 16728 14705 13748 7378 1834 2188
1 174581 55510 6154 6758 6942 11267 5627 1466
1 42227 26564 7043 2193 2437 2776 581 744
1 2625390 122170 10195 29282 17316 43923 17062 10626
1 46913 23636 14858 15300 10446 23991 26287 20398
1 144070 47845 6973 33951 5486 4981 2473 4408
1 12387 16419 21700 25144 26213 13833 9505 9191
1 84774 15092 5877 4787 3712 6248 2521 1322
1 3022 10063 19472 17900 10282 14861 29663 7813
1 25825 23755 1709 4806 5058 30242 15846 8558
2 9073 28923 8051 10306 5606 13985 35156 20751
2 6383 81793 18343 7751 5296 68867 15079 19823
2 210932 41715 1711 1898 2636 10112 4764 3515
2 5551 23854 21781 11809 13405 20457 13422 12086
2 251003 92069 14213 4637 1336 5889 5940 1317
2 135233 17265 571 1929 989 1466 1587 1081
2 52996 61754 28106 10837 6570 45199 26865 16909
2 69692 20825 3105 2960 2141 6612 2217 1902
2 138109 18112 11284 12276 4203 3378 2315 2494
2 7472 13259 17760 20849 6753 21364 14679 21277
0 77373 12658 568 2735 993 1418 826 213
0 260395 27662 12491 5214 4818 5142 1621 3581
0 10660 14291 5621 27231 12288 10613 6618 6783
0 14080 12091 32653 53571 28600 9683 8919 8152
0 51077 15467 1959 2286 2757 8543 6959 3590
0 1096978 196052 4935 12151 11133 25914 21098 19911
0 212226 144899 93259 10239 45955 34004 29751 16738
0 68355 27394 49973 9762 9884 24007 14804 5313
0 5226 42343 12057 24327 11024 20597 10596 7105
0 15228 20416 17563 80684 15511 9222 8837 6294
1 666823 137812 143946 18272 11518 15874 15464 4641
1 38325 19989 1929 5652 1419 3528 247 359
1 23229 5235 24716 13760 3235 5240 3899 1399
1 92906 71566 21098 5947 2708 7365 2065 1057
1 22000 18314 9188 44144 19350 7566 8889 6978
1 158183 48698 15687 9990 2001 5149 3373 1616
1 381387 314247 19779 23520 8305 18321 21725 15357
1 97875 21757 6599 9034 6028 7553 3156 3557
1 188690 33487 38711 13513 11323 21434 11171 12392
1 1484716 263026 72188 49281 12825 13614 13904 12664
2 18945 14170 2120 11080 2491 20170 10688 8866
2 185551 13357 6247 10663 5398 4647 3235 1360
2 172479 75323 22335 1113 1757 4011 3599 10553
2 26741 11494 3137 14569 7404 32854 10873 10205
2 31845 14342 9142 23729 17791 21158 7246 13897
2 107510 18989 4520 3061 2201 5129 8115 3145
2 158107 96594 20479 39367 24002 24228 19703 8130
2 28866 29196 9327 25205 27681 24206 20626 9662
2 10874 27585 9039 5265 13333 10520 11309 4192
2 83716 14742 57313 15277 12015 16139 7237 7663
0 28874 89992 19933 2278 12659 17249 10657 4946
0 2177866 389151 53028 58884 58235 36569 23278 25171
0 1093011 93543 13597 17056 9416 8893 1550 2628
0 7628 53114 7284 18405 23528 45038 10797 5492
0 9743 28951 24664 34301 12479 11643 13045 13317
0 51153 9102 3812 1401 3994 8967 1866 1969
0 9635 7984 16442 3163 6714 20472 10123 9903
0 11800 39320 7087 20732 13870 21570 9788 7286
0 14735 53819 6585 5044 18845 14535 5345 5665
0 58004 33759 5356 1455 1280 5332 3212 3386
1 125097 5092 13238 1507 3559 4572 2789 1543
1 589263 158543 14746 19431 5144 13145 4398 7255
1 43152 53100 29440 4851 11024 5409 5948 2700
1 185508 11299 1209 5495 1414 303 303 236
1 105322 5099 681 639 950 629 575 464
1 86640 56936 4283 8129 2455 2860 2154 1383
1 64152 102420 13235 75652 147824 119744 36125 15047
1 253482 45680 28783 10540 9416 4412 1881 1950
1 80143 51688 5685 4677 2575 1493 566 580
1 23649 15326 4598 7501 19462 4559 1889 7235
2 409514 182530 62554 27240 10045 13226 7863 5623
2 10371 20850 388 43285 12158 19543 22437 17146
2 386172 247224 78621 184620 136288 99184 73337 14350
2 133744 37844 16206 5214 6269 6687 3391 1858
2 134445 44519 7137 14498 21663 17278 4556 2062
2 371043 131049 18939 10452 6734 23391 30849 8150
2 9045 56932 24596 14468 10667 25333 9284 25149
2 10109 24457 14110 12977 13251 14454 16300 4961
2 153815 188122 12533 8473 18924 16796 7689 9537
2 547495 158325 45806 63478 19964 7313 5826 13099
0 96465 6876 3486 2594 10980 11163 14079 3489
0 44661 57084 6986 3254 9606 15754 13250 8114
0 65434 22828 1817 15692 13922 23297 12821 6196
0 812724 17089 12003 6469 12688 39606 10233 17202
0 13640 24680 32814 16810 5644 20475 15272 12180
0 24206 40608 10506 3345 7498 16527 8821 19252
0 112773 37529 6985 30954 9185 29833 17755 6607
0 64866 44580 12816 22667 6561 22863 12589 8804
0 14507 16717 1050 13900 15773 23592 6747 5056
0 12437 6784 4677 10623 12021 10830 8061 14591
1 5695 9950 19978 9327 10445 13220 7859 17479
1 101681 437528 35372 17537 47990 34273 13515 5719
1 282781 19573 7469 800 1286 1759 1031 771
1 792171 66589 87623 83333 9940 32790 5657 8905
1 26208 41670 1686 2203 2202 962 175 318
1 22546 6742 1782 2709 2475 308 376 843
1 79589 20400 1304 7953 3860 2855 1728 1593
1 5772 9022 2982 1578 19425 4638 7259 4129
1 15127 23605 3385 7041 6675 12104 5599 6189
1 124723 19290 12913 5703 2815 2864 1222 2094
2 105109 29871 4407 1482 6693 4071 3543 4368
2 97116 17959 4963 6764 12405 35240 19028 11507
2 22499 48555 8558 5837 5865 10097 18664 8179
2 43955 14583 11677 9627 6956 7359 1995 2713
2 718369 97060 6227 5168 4278 3032 3337 1626
2 107971 9418 2253 10856 2315 2797 3248 1363
2 66858 12736 5075 13327 11224 12016 10903 9061
2 209129 12292 3066 2288 1104 6335 3310 1601
2 126081 42621 16089 20645 15110 13447 8348 6878
2 120503 57698 2232 3417 32440 7304 5872 7578
0 60724 86711 24393 17126 16919 28380 11954 8129
0 140915 37143 3093 3465 5633 3583 2519 1318
0 160007 30131 3142 3660 3035 5270 3560 4894
0 603413 291769 3516 6466 12782 26669 15203 14401
0 207402 22497 4303 8799 9797 9854 4265 4128
0 35632 91321 7938 13936 37161 15081 5304 8868
0 86563 48965 624 2066 2975 3994 1697 1648
0 222178 103940 2578 5221 5019 3460 2077 965
0 64201 54200 20964 30315 17670 10114 11443 1887
0 16674 7985 21864 3337 16223 8928 9585 4811
1 64873 36813 3244 1209 2265 2557 1230 747
1 40731 80707 84213 19129 9267 12669 10343 3098
1 942082 47009 12366 13110 10684 3191 3448 2602
1 171490 23801 34343 1947 3037 6349 7212 1141
1 12193 8753 55458 26863 5673 23165 10637 7206
1 246926 95209 2610 2918 3537 4100 1484 1716
1 41598 50945 3628 4783 2765 2796 831 1273
1 174911 35980 4019 4233 4499 5895 6705 3243
1 681905 93355 27483 2079 19866 40381 55989 39032
1 207405 8623 6118 9837 3150 5452 11280 3163
2 425919 76565 4270 63783 36764 13581 8388 23607
2 1414053 135884 10650 62468 14302 21088 7743 14113
2 147417 16224 11543 2058 5870 3149 2672 2469
2 41547 14222 14767 10731 5847 16288 13558 3560
2 11212 23581 6467 9213 10108 43925 11708 7703
2 14472 7391 16536 16628 3348 20054 35852 5286
2 17465 18478 23148 23414 8862 14845 29821 17477
2 207621 4382 345 2953 3858 4481 1925 3379
2 230346 28876 5443 2425 5325 2552 2257 1626
2 38576 31574 16098 26051 8981 11103 5921 13389
0 39201 16752 2098 6816 2356 2910 2350 3928
0 22307 13346 4368 7039 3088 37215 16703 10718
0 6608 60313 18630 29697 8974 24595 11267 7163
0 65610 10838 910 2333 236 1232 905 536
0 64071 126598 17262 25201 18177 19139 14482 8369
0 31544 21174 8859 34675 9857 18805 7500 9923
0 309562 23199 44578 38132 22643 9307 17653 20852
0 12112 45645 11898 10901 22646 35097 10200 10453
0 10724 31784 6674 11726 4543 19419 12027 5485
0 9499 6898 4117 10554 4950 23304 6553 18180
1 134089 48573 4614 2594 1063 2905 1183 382
1 20189 24770 7410 6289 9946 21278 6140 4833
1 120186 49395 3574 5233 1718 1904 1963 1348
1 50038 17251 6374 23895 2968 22164 6565 5624
1 6734 33523 10589 7710 4356 5969 5353 6744
1 12133 20025 34835 4866 7132 8339 10641 4676
1 452172 44934 15948 3675 4327 16341 7749 3205
1 6627 10452 7256 6713 11066 6393 5044 4705
1 17848 9875 2550 8699 10531 5933 4580 3859
1 22234 15382 1110 3051 1617 1712 1239 1046
2 468193 129583 57768 46311 57247 63024 29907 9576
2 55274 17706 4861 6022 5692 8523 12486 4891
2 78528 24450 25204 1983 8232 17837 9018 2484
2 6049 15563 4596 8102 12224 31369 18096 11135
2 136380 35937 15882 18613 10119 5865 1122 2200
2 442266 7044 2631 727 4240 862 454 416
2 192606 56033 12728 12707 6375 8081 4034 5446
2 397632 6956 4246 8906 6527 4214 3830 2002
2 3728 31068 12139 33682 15851 31089 9457 10840
2 12576 25134 4228 14369 20524 27731 31574 21642
0 296886 48350 31137 45036 8294 27653 12147 8022
0 72837 28441 3415 1372 3876 4332 2487 2459
0 80550 67272 9050 7883 2495 6307 6267 4432
0 55050 29780 39716 23058 14377 24924 7840 10035
0 381875 123454 31019 4338 12620 27178 8302 9474
0 15718 47848 5584 22153 9205 48953 26588 9971
0 2990 8742 12998 9152 12636 22770 33421 22495
0 645752 56479 6468 5973 1983 12147 22135 6857
0 82656 23098 15902 16932 17453 36669 17903 7154
0 369437 144243 16685 13878 42225 43629 29833 14632
1 2168096 72685 27661 209936 20530 34369 26367 11048
1 42425 57657 15010 43215 7163 20330 11863 10615
1 178166 6865 7754 12225 4255 5216 5123 4217
1 94429 37197 15453 5028 2296 7176 4326 4645
1 202391 60205 18195 26211 19725 41079 16214 5314
1 65719 25395 789 3498 1470 5288 3628 3386
1 979116 40076 4103 15271 11518 5147 5467 1739
1 65451 5661 9511 5050 2439 5209 2278 3399
1 166848 130349 18828 13697 27054 26772 12796 15979
1 31990 51168 83235 14056 10373 27860 17319 26193
2 319851 95680 19931 19931 82800 19011 9443 14371
2 68969 74610 7575 14770 14478 13981 3134 6845
2 200215 22294 893 7852 3933 2810 1242 872
2 172549 24796 9013 7410 7673 3110 1410 971
2 803316 113870 21067 15695 20504 11294 21557 8129
2 72193 86656 60320 23486 39761 26296 11963 5834
2 43081 9933 5027 1222 2256 6497 595 5912
2 267888 37234 1647 379 998 3760 1332 862
2 241874 21256 2581 6844 1931 3331 968 696
2 54796 14757 12862 7326 19089 9538 2007 2919
0 28440 12314 38148 9773 9540 22937 15260 9745
0 44816 28556 5270 11839 5597 7176 7760 2805
0 54247 24679 3571 1850 2933 1058 478 535
0 1791990 74532 73266 49002 37441 9729 3072 5299
0 172224 17232 2687 747 3419 1921 440 701
0 415 9785 1801 27187 13078 15712 6471 11583
0 205781 96159 21748 4694 14155 2096 1074 1399
0 55043 18246 1461 518 1331 1159 459 416
0 297421 55043 6600 4565 1707 4401 2757 3980
0 4059 23488 11782 12402 13020 22489 29524 11158
1 20873 16015 7715 3098 4260 16935 7447 3770
1 230646 164096 87234 23895 28251 18201 9770 6886
1 14430 31751 8608 10658 3960 7674 3270 14523
1 33436 15130 9328 10009 3746 12185 5129 8206
1 354071 184363 36567 33543 3717 23105 5224 4423
1 609144 71947 2931 36503 38196 27223 4915 9549
1 1249366 39878 19336 25570 20447 18358 6987 10407
1 119336 11598 5438 4881 9580 3669 1715 3873
1 264352 67241 24747 1303 1482 7574 3252 4011
1 36674 86338 12528 2761 4261 3041 732 826
2 3360 18216 24348 11297 8781 9953 6381 6760
2 279958 143737 4718 2725 10723 3849 3317 3280
2 9501 19528 17124 2073 6948 5301 5058 1292
2 50902 51979 3764 2438 1731 5462 4191 3485
2 21443 12424 4410 11178 5714 31601 9939 29713
2 230350 105223 12309 5733 8902 9261 13051 4460
2 198443 38171 12519 19622 4573 7848 2489 3407
2 63888 62615 53265 8834 4625 11012 13705 10043
2 120637 71249 11881 7468 2771 3058 3061 1794
2 314839 4282 9285 12862 3501 4407 2851 3131
0 101474 67435 7969 28326 19153 14088 14977 9380
0 17064 11911 17950 7366 5673 35189 3401 6135
0 11522 16621 5597 6422 9989 27176 12198 4519
0 57597 29747 5696 6231 11181 2760 3654 2090
0 20734 52870 19168 9325 9288 14380 22201 9802
0 21532 73764 22386 9086 4798 27308 16182 14138
0 118862 19925 1453 1363 1108 1879 546 544
0 30837 19556 9417 4099 2943 4017 2909 2755
0 8592 33411 6808 7854 4647 12375 14917 5291
0 161502 13003 1503 3336 2723 4659 1546 2517
1 514164 127512 11676 4107 2950 2807 3056 1506
1 213313 74481 23179 18561 7332 3283 2613 2370
1 73989 29823 8745 6253 3685 5271 783 1335
1 843964 35515 6344 23559 6547 4539 1623 2451
1 296256 117421 51482 95849 16957 22186 14514 15086
1 17906 50368 11338 26143 6795 20453 12317 6930
1 232684 6551 3345 34402 999 3165 2012 2146
1 122413 15551 1730 5887 1128 5335 3069 1639
1 254853 76546 2364 7342 2297 4090 3075 1971
1 468694 128589 25988 7803 7152 5295 3418 1529
2 41642 8071 26571 28999 5287 20287 4275 3865
2 20991 24307 18312 3266 29035 2492 6744 3777
2 57446 174173 39105 19434 8488 8477 3604 7107
2 11307 27578 6100 11998 6896 7336 5200 3853
2 22198 42800 17348 12467 31579 22976 10004 10134
2 263901 23003 7578 11759 5806 8931 11405 3611
2 9818 11460 9415 10830 19475 8375 13002 9746
2 1186888 42597 2153 10057 10789 15870 11510 3499
2 20581 42989 4146 31132 15960 12360 24990 17748
2 174813 158904 12802 53936 16799 16625 15183 7908
0 113104 95400 36130 13068 19267 11436 7201 9577
0 8582 6275 3068 17833 8197 19517 6356 10330
0 71657 15093 346 4862 2685 5176 3032 1121
0 524094 381072 86910 8683 11936 12845 12190 7212
0 1325597 276792 21523 9184 13603 10788 9888 9187
0 53230 61047 5870 3761 2210 4118 1315 3289
0 274186 18791 28294 9603 4959 35077 14296 8587
0 8785 36208 19821 9326 11701 13412 11404 12610
0 2429 8088 16348 16442 4703 21438 13917 13538
0 77792 176321 101984 10643 41254 48903 10574 17098
1 139150 5581 2428 2685 375 919 173 175
1 4146 14282 47581 27419 3986 6136 3968 1355
1 26028 14170 23724 20189 2800 3702 1616 2822
1 554581 115581 15243 49988 6248 10133 7889 3563
1 24068 8169 24176 18890 8424 13371 7420 4309
1 54333 17674 5543 13478 5260 4285 3024 1960
1 18772 76747 11969 25448 15165 15403 10472 2822
1 16198 5712 804 1186 263 891 213 555
1 231790 37693 8306 11450 3285 3241 462 1473
1 22519 14581 8404 5852 13312 8833 7573 2022
2 84673 35809 49344 50594 18571 12490 4331 4735
2 109234 21863 5921 23864 5145 8399 9587 3806
2 20125 5545 2252 4475 5133 13696 2741 6020
2 47054 20964 2843 14954 9913 12697 12455 6539
2 50389 73465 9113 13002 2802 15852 3493 3019
2 44738 48463 1062 5063 3513 3594 2322 1056
2 85543 54528 17800 17475 4848 7752 5104 6284
2 46538 58080 24075 9209 5600 20179 4676 3415
2 34579 36006 45470 44517 3041 14744 11513 6129
2 56131 17284 1102 6587 2095 4961 1494 1510
0 45333 17939 3083 4068 6420 4725 2934 733
0 20077 36042 12574 17887 12137 13221 8212 8970
0 163335 67464 2470 16532 5866 2832 2546 1262
0 1257067 342829 50196 39192 20274 14416 6343 3450
0 120938 8058 5231 1887 4184 2709 1429 1297
0 383111 40815 29164 12949 28855 24800 7093 13160
0 39501 33783 44003 22948 24014 11918 9558 6896
0 9000 25398 19043 53308 15385 12890 13163 17138
0 118676 37235 12912 6115 3729 3543 1392 1080
0 967742 79406 23161 19053 24445 17678 4584 13267
1 88011 55359 8751 2369 2501 3005 1433 765
1 236653 35090 27888 10120 4360 4020 1514 1216
1 1369967 126652 48569 31134 17844 8675 7207 2455
1 14111 22275 8533 16452 6517 4969 4068 1693
1 8758 15396 14936 11365 3510 4297 4214 3003
1 79516 59686 3699 43978 9939 9021 4822 5480
1 114998 39748 4201 9658 8232 5643 3583 1294
1 35997 42545 18922 27667 9872 6495 8739 4824
1 125946 24769 12864 18192 8940 2985 1867 1818
1 17037 17991 14382 16761 4261 9601 5022 3144
2 524510 25360 8666 991 1853 1054 1062 514
2 79081 129259 85014 131456 17069 13984 4691 2846
2 112633 311532 38478 14366 5237 3408 4824 2588
2 9899 26936 37764 19829 5931 5378 2482 3704
2 77325 49939 3201 12208 11179 2821 1216 2274
2 573473 38614 7672 16771 6779 8090 1860 1592
2 82820 45109 10939 5007 15809 17399 7163 4240
2 143778 58992 16153 18369 6710 5940 4041 2020
2 13885 21655 9373 7477 4449 9411 2554 3299
2 70197 14432 5773 1407 1296 1185 927 753
