0 1201196 47157 26903 19973 16651 16495 30973 25277
0 12532 31581 9337 27936 9430 37739 14197 9423
0 547340 33254 10315 7818 17951 18023 13710 6648
0 20055 8178 23100 5315 19307 12384 5545 11121
0 16721 11637 7040 10258 15399 21158 5267 5702
0 10403 7560 7962 5032 7669 17396 6955 19078
0 48828 25178 1043 946 1951 2903 1946 1584
0 4670 6699 5921 3931 3739 15785 5794 5506
0 15651 14150 971 8013 2398 11650 6306 4679
0 3798 7503 16812 892 14532 9048 6323 6509
1 2444 8519 3466 4017 4221 11427 4499 8427
1 17802 24333 7761 8281 4879 16420 3584 3740
1 24153 15590 2988 3738 3451 8237 1779 5114
1 4029 6791 3923 1268 7283 12567 3108 4300
1 6307 9219 5981 12988 16539 6429 2026 8040
1 94527 25301 30736 11777 19439 10450 4949 10155
1 4214 10249 8660 7402 7806 7984 5980 1691
1 5523 3931 3029 8580 2779 11545 3026 4139
1 3900 16822 4495 16859 10528 25471 3414 3108
1 35401 3368 10404 6521 5176 7157 2809 3502
2 2734 8894 986 3000 4199 13870 2714 3280
2 4305 13023 5083 3400 14313 10054 4265 6261
2 4783 8553 2587 4103 2416 16963 1843 3855
2 7525 18607 6999 6060 4829 8018 3928 3567
2 20486 10298 4191 2256 1879 15248 12701 1554
2 1014 8829 5254 8073 3179 10715 1674 1748
2 5618 3382 7001 11078 4057 8820 2510 2657
2 7693 7112 3186 4282 6862 9000 3155 3858
2 9995 9505 1541 12400 10219 7363 3196 3999
2 4947 6196 1899 17327 11232 15894 5767 6451
0 95387 24654 9723 26787 30754 7542 20158 12555
0 15570 13353 23632 24798 18361 19592 16379 12091
0 21789 6018 6976 5698 10800 7148 3582 5345
0 11916 5838 6600 2668 7503 17325 3808 2955
0 10321 8811 26263 20050 9672 15870 12233 3036
0 95121 22033 1942 2822 972 2439 2436 446
0 6527 11427 5199 8923 9749 6316 4202 3165
0 7686 9138 9909 12628 7170 12466 4581 3172
0 4716 12294 2979 2277 7428 9165 4584 3603
0 4597 21803 3608 13657 9300 8699 13997 1969
1 3167 13461 103 12783 10252 10204 1914 6065
1 4268 10056 2557 4998 9125 5775 2963 3747
1 7930 10865 10533 2194 2938 10533 3262 3168
1 3288 2535 9618 13365 12673 8109 4193 3889
1 13023 6587 2388 5477 7515 9242 2159 3180
1 24237 10217 1588 2479 1879 2141 1509 730
1 16874 3559 7443 11737 4838 8337 6610 3518
1 2420 5285 4962 28466 1366 6042 6290 2926
1 16464 8058 11039 16739 9418 23904 3873 6445
1 9415 2884 8068 21321 4871 17223 6358 3705
2 1129 5360 5573 1933 4494 12764 2670 4133
2 3317 12352 10575 3813 3115 7383 2473 3036
2 5549 3140 2874 4113 5377 9156 4816 4135
2 7102 7717 10503 28613 4481 6348 1200 3040
2 2646 7510 8708 2775 3635 14673 3257 4437
2 7888 15838 14596 9929 2742 5682 4496 3849
2 4107 7186 19635 46014 20562 15890 5377 5219
2 61275 21764 15211 12648 7407 10251 9602 4507
2 33238 9551 16548 16521 4358 7283 8495 3281
2 9180 8033 5520 3099 4682 9290 5846 2387
0 2389 14911 992 2868 19429 6507 7323 7543
0 30546 8168 10491 11224 13441 6553 7497 5028
0 2970 5611 4531 13825 18108 17316 3901 7949
0 3940 10578 11780 16240 11225 6163 5514 4507
0 8023 18431 6157 22280 23772 20683 3124 4826
0 1468 7537 4047 20497 4816 8935 3093 4681
0 6764 10632 8044 16705 4381 8317 8575 3583
0 16369 14397 8929 4392 10325 6798 5861 5963
0 1724 16506 8377 1014 17926 10864 8488 10450
0 109067 129648 31957 10442 26190 12832 46224 13217
1 19259 22307 1260 6867 9015 19092 4765 5439
1 7325 27258 3070 1343 3071 20892 9438 11858
1 2429 7805 2889 1238 4970 25279 3153 4229
1 1077 6404 2655 983 6512 14820 5054 4645
1 1216 11445 2344 8398 11055 23901 4560 4929
1 24367 11121 9883 24365 11930 14140 4283 1976
1 1496 10944 18920 442 17482 19877 15095 9536
1 5000 9771 9875 6265 5831 15716 13724 12428
1 5314 5932 2339 10780 7143 8602 5813 5657
1 10389 4533 4285 11729 13231 6085 6515 2927
2 6232 12302 2684 9398 5339 8772 9543 6733
2 14541 10327 6475 7629 4646 14599 14478 2437
2 77766 14181 3048 856 2417 2206 1879 2507
2 43882 20247 4561 4791 1429 3749 1929 1538
2 8851 6680 2787 19546 3271 19087 2518 3557
2 5790 14747 8354 35629 3857 10317 5419 6070
2 7086 9125 1768 8568 15604 12528 9219 10029
2 14210 4762 2312 4002 1806 11861 5132 4260
2 4344 2545 10968 2404 3471 11521 5395 5646
2 18248 15868 11145 5043 2612 18797 2615 9230
0 4954 13791 8977 5775 4367 8397 4375 5255
0 2021 7774 2278 4119 6625 8265 5497 4229
0 17002 10571 12600 39217 8167 11559 4805 2432
0 9932 16253 4795 22708 3430 7359 3050 11255
0 67923 48376 2354 2500 1573 4531 1600 1864
0 6334 5188 6963 5047 4078 15669 5073 7391
0 1609 8412 7031 6172 12446 35155 5444 6316
0 12312 7014 9911 3942 10522 10243 6325 4003
0 18123 5769 4404 7848 20363 32741 3001 7903
0 6319 9466 2219 2468 2936 22373 4683 4660
1 5317 13390 5680 4372 5760 15512 4405 5051
1 42488 25233 6734 5060 2026 3337 957 2459
1 5299 20684 2727 16883 3538 19022 5416 2354
1 5970 18280 6981 2388 2817 4247 5850 4434
1 40255 13397 696 2589 1654 3974 3866 823
1 38875 13639 3451 2630 2745 2906 1540 700
1 4228 7288 500 21133 4401 12186 3092 2977
1 60035 14683 5425 7731 7599 16170 11271 6610
1 24558 9410 3897 6766 4758 8580 6871 6767
1 3711 6149 2723 2875 6361 10557 6040 9714
2 10319 5535 542 3812 1531 5561 9457 8867
2 5986 17440 294 21069 10622 9223 31638 8186
2 2351 13318 4707 5479 6790 25510 8769 4241
2 6494 27306 10647 4375 5350 18449 5351 5054
2 13074 6576 9424 7743 8648 18142 8443 3644
2 6099 4052 1371 4656 3682 20635 13113 3809
2 15037 13814 8981 7368 5825 11448 11325 2807
2 4640 16946 8080 7451 12839 42151 6350 3842
2 11226 4287 2821 12005 12590 21175 9431 1925
2 2651 10427 13240 3358 9603 10950 10579 3468
0 2108 19139 8742 10605 22531 15781 17591 5182
0 14812 9325 4258 3661 4951 12183 6465 5975
0 10858 6239 21332 17582 13713 11512 7767 7132
0 5421 17147 9124 11381 16336 10495 17340 3013
0 13946 9077 1559 18520 4130 18739 7869 7696
0 10489 6738 2602 6034 13287 24312 7862 6517
0 10708 8015 4142 5035 10140 11571 7229 5054
0 6419 9358 3311 6528 5834 11301 3703 6317
0 10930 5089 12523 13842 14097 10899 4964 4327
0 99967 7498 3461 3466 5376 4085 2859 1826
1 7740 25651 11271 16335 3662 13587 5554 4186
1 5841 20440 12542 12866 9952 6508 4756 6163
1 5076 21796 3900 7300 3730 10859 3963 3274
1 13048 12267 4109 2582 5744 15024 5302 3766
1 3933 31500 2861 8660 5398 10341 5381 9003
1 2251 79121 3177 2779 1892 12989 4787 7995
1 16072 16497 1874 4156 4129 9024 4732 6192
1 3905 4926 11895 20078 6792 19239 7108 8084
1 6787 8953 5713 20708 3025 3720 4164 5453
1 6128 6447 7631 12675 6063 8782 8960 4656
2 5563 15193 11118 2866 8005 10922 6742 8927
2 6955 22251 5158 3761 2240 7040 8776 4765
2 10396 14209 3167 4511 1469 18321 8822 4362
2 12697 16367 1175 17611 5784 11771 7442 2924
2 7503 15450 4649 10272 7982 12487 7029 3330
2 4050 19069 6284 5960 8349 12044 7542 7519
2 4005 9522 4530 11211 6995 15169 7318 3890
2 2809 7032 3741 6758 6988 32481 9022 8743
2 9536 8235 5591 7931 2458 13192 5722 3091
2 117372 19324 17159 9489 13701 7390 10308 2843
0 7452 4860 1696 3548 14761 9158 8707 4156
0 6248 33137 2042 6985 5910 27066 7103 13317
0 13667 8312 9896 2828 15547 14061 7042 7917
0 12823 12407 3285 2262 6333 8606 9360 8765
0 5579 15492 3987 11571 3871 14731 5243 4720
0 17138 10441 2165 3658 7363 21506 9977 9100
0 11513 24601 1484 13740 32676 16513 19807 5843
0 5166 13739 1215 25063 5531 25306 8452 4282
0 10054 15055 3401 8517 13161 35025 10033 6108
0 6244 9668 8047 7246 8511 31362 11145 9311
1 29773 13249 16493 4520 5031 9142 2109 1680
1 8926 10970 7367 16169 1907 14035 6095 6229
1 5251 15043 7573 4030 7103 14424 5324 3814
1 98741 97118 83722 11080 5952 22339 27478 26453
1 911316 478492 574138 141138 121922 185613 351068 106052
1 553835 67680 16944 7315 4963 2469 6722 2444
1 92482 17335 14121 3488 3224 3867 3156 3017
1 59263 99344 17455 8596 9312 18969 19187 10550
1 106205 22593 6331 12510 8903 18318 7993 6074
1 52003 46951 26589 7662 13268 8161 9972 22732
2 2923 6390 16748 7911 3867 13580 25599 10469
2 10724 21631 8074 18268 4724 14086 16046 4338
2 2980 24712 5127 1481 12857 26913 6753 4471
2 2758 47954 2630 9976 3941 25209 7455 6073
2 3582 7369 4133 7455 7174 18845 5295 5114
2 13370 6243 3079 5519 6071 12473 5132 3151
2 7833 4917 4224 8497 4691 20279 6269 3956
2 6501 9850 8370 7144 4179 18134 7299 4201
2 10821 22609 5183 13215 9648 13446 3013 8015
2 3470 17314 8135 30669 12787 12023 6653 5315
0 8419 10730 24316 5057 7118 22821 6663 5644
0 17119 20999 4153 13796 22201 7544 6191 4012
0 2910 17143 15013 23615 11446 13888 6854 5922
0 5128 11806 15247 12101 14246 21790 8834 14731
0 2023 13703 6945 26189 10974 20610 6897 8919
0 8170 8005 2458 10982 2299 16325 19195 5246
0 6006 13049 5382 10089 9762 10093 10006 11537
0 7662 32359 7108 17566 13281 17320 7055 4021
0 6642 20262 9266 16344 7332 15409 19159 4680
0 13125 28028 7673 21745 7735 7972 27724 6159
1 3366 21376 36858 33405 10814 17645 6371 4037
1 7762 8953 7012 7997 6605 16448 3739 6946
1 5956 7292 12405 35702 8276 17417 4019 10295
1 337 13426 19978 8567 9479 7541 4713 6404
1 6123 7425 22615 14945 3795 7500 5449 5550
1 6668 4865 3155 26252 8621 12413 8028 3356
1 6493 16470 14413 20401 6885 13867 5687 7622
1 5660 12363 15986 31373 5845 7247 5583 5285
1 4677 3638 10279 16160 13515 10961 7979 4210
1 5579 22022 19577 15793 7487 12022 3106 3657
2 21572 48578 4802 8204 6381 15451 13220 12273
2 6439 3498 1478 3386 10134 19269 15211 20839
2 564 22919 8256 16243 3795 26751 12473 11359
2 55205 9167 7390 8076 14776 11777 18271 12377
2 16588 5144 25058 1469 8610 29935 10462 4496
2 13901 18390 16414 7618 6616 12907 24069 7338
2 4165 18562 6711 8232 8136 16664 7626 17265
2 8577 15871 9988 6452 6448 10044 10016 7030
2 10235 22981 14146 6603 7238 14420 7913 6135
2 297512 42540 10217 4081 1886 7617 7100 8538
0 5613 16678 6831 4977 12614 25484 39807 16244
0 5446 7505 4070 2027 4015 28942 11572 13410
0 9966 20899 3491 7691 13236 19677 6396 14405
0 40529 152695 33192 25195 5988 24921 10964 9850
0 1216 5911 11416 5314 44860 31843 6976 9583
0 7857 7716 9953 6175 7669 11356 11702 12394
0 6559 7209 1693 19686 19646 12542 12217 10161
0 5307 24221 2716 5311 8241 11665 5945 13974
0 3837 23613 14011 7716 12364 12190 8688 3580
0 25609 17557 9323 8720 4702 14402 6918 9709
1 1832 8748 3746 3798 14737 13145 8230 10048
1 12570 17700 3351 15700 2121 18322 6366 5151
1 19281 15858 4272 9365 9655 10805 9205 6379
1 60582 38223 11079 1719 2234 4214 1362 1644
1 41663 12154 4886 5414 7361 3254 2005 976
1 9055 52619 20903 39089 3464 12780 12178 12535
1 4983 29980 4017 8637 8037 16227 13030 4077
1 16212 22802 28670 18098 18954 22090 9793 7127
1 4114 15402 19299 36817 6518 12109 5580 2541
1 6032 56701 24325 6045 10094 11220 10281 4341
2 8235 10359 3514 3434 1054 5173 6608 5120
2 1664 10442 2993 9909 3170 8278 3746 1423
2 1441 2783 25611 13164 10190 13658 3068 1725
2 14662 5683 4263 8522 2305 15347 2521 2045
2 21281 3475 2709 2725 5175 17562 1939 2056
2 10377 14499 2052 1223 4886 6157 4508 3306
2 9353 18962 2674 7054 5424 11490 10297 2014
2 4966 6132 6920 9903 2490 13155 4733 1661
2 38759 17442 13073 7211 2968 9176 7022 2440
2 13138 13415 3729 15429 3787 8952 4887 1915
0 5777 12405 4444 3626 14609 6636 8748 5267
0 13410 2590 1914 6709 7822 6936 5004 1766
0 7658 24986 2015 6195 9652 6950 8721 2894
0 8420 9527 6385 7603 21147 16622 8008 2839
0 14058 17872 6416 12160 18850 9798 5274 4369
0 7120 7070 12077 12032 9261 6383 6882 6423
0 3674 19369 6615 6760 13922 8123 12661 4424
0 3761 10215 6133 11517 4927 5012 6330 2421
0 17496 16649 20014 27577 5922 3825 6005 4298
0 24349 26057 1894 13794 17983 8332 27353 4596
0 6085 33669 32376 12563 6925 5658 15467 2762
1 24589 10029 3421 1024 1671 2914 2411 915
1 3670 31077 21779 10072 8098 13427 2177 1154
1 14044 37725 6338 2909 3329 15768 3137 4612
1 154870 40790 5248 9870 2761 3328 5940 5379
1 275200 58575 1494 12110 13463 9407 6018 3506
1 85193 12844 5101 11442 5889 11585 8061 9309
1 12764 29441 20937 7742 4065 7716 6681 5436
1 36855 7120 4365 5882 4271 6164 4378 2115
1 9700 19597 12965 6787 5771 3231 5843 4715
1 13207 18376 6500 20329 6449 9282 6634 3264
2 7330 11862 7085 4571 6606 6422 3779 5224
2 12471 5955 5920 34953 4604 6724 5682 2295
2 65936 12426 10907 12588 2696 7646 11269 3340
2 4982 4595 3258 5650 8844 8755 4583 2982
2 7571 36350 6408 11611 3391 13377 6157 3288
2 12518 16237 17711 11076 11769 11797 754 3793
2 13018 3033 5795 8542 7049 8339 3450 2944
2 9093 9170 2918 8997 5172 7512 2503 1032
2 1781 26764 10838 26026 7715 11756 4220 2543
2 12305 8617 6030 6550 5396 12449 5751 3331
0 5839 4808 6690 6570 7989 7949 5389 8485
0 1018 10396 5181 3155 6814 8229 7086 5288
0 8453 5718 15781 3778 5080 11840 12462 7946
0 5773 3556 3060 6476 2666 4834 9192 1850
0 24636 5667 2010 3395 10841 14142 9490 4011
0 3267 2633 2457 4780 9866 7621 6985 5875
0 11469 5557 8670 28313 16816 6924 5489 3504
0 6992 10787 21973 14356 10614 7698 5835 2675
0 14719 14509 8242 11012 4637 7275 2968 4571
0 10881 4781 6094 15154 25046 8190 7316 4364
1 13399 10793 4889 16978 3078 9147 6059 3237
1 39463 13037 15306 17924 4990 2430 5093 6948
1 100997 9045 2161 5083 2855 1793 1721 1779
1 226397 44706 10602 13516 20269 16260 10212 5644
1 35412 15754 16236 44130 27372 13659 6734 2583
1 15464 7752 5564 19836 11670 17852 6866 10811
1 7265 4584 30595 11986 19047 15232 4880 5030
1 7284 21495 20244 9602 10180 8494 5735 3149
1 9714 13185 14000 21377 13989 6499 2212 7025
1 7601 9180 16220 2803 6814 7247 4885 2094
2 7115 23973 10382 7298 7197 8213 1597 3181
2 12646 1928 4218 3459 9255 10174 3365 3380
2 11764 7428 3491 4795 5022 11035 3221 2608
2 2291 10912 3578 18099 10041 5367 1147 3436
2 8619 20690 7671 8271 4578 7674 2322 1953
2 3229 9055 10963 8829 7678 4478 1162 1527
2 7631 6910 2302 9023 5893 17282 2776 4770
2 6602 8747 39162 34534 9268 5941 2665 720
2 15357 15720 7501 16038 11170 9306 4557 2232
0 28013 6361 7695 6615 9419 11572 9633 8116
0 19847 17640 1997 3974 20074 7991 9925 12268
0 7692 14525 3315 10815 7503 11326 7997 13555
0 9983 15411 8904 7048 7290 12318 6796 7830
0 2728 13707 1894 1995 37612 13319 8763 8717
0 5397 6851 2299 5547 14128 18480 15042 2493
0 9123 12910 11210 10225 25038 17785 4738 6078
0 18674 14124 3818 5028 9981 6970 9720 8573
0 5096 12999 12652 10502 6745 21789 13215 5230
0 6095 5665 8441 11493 5013 16201 8606 6430
1 5296 17043 6891 43861 9526 19278 4222 5685
1 3393 18564 7822 29385 8154 4355 2611 3707
1 6326 9599 3628 2878 6134 9924 4347 2432
1 3772 7579 6021 3936 12173 6971 5203 909
1 5160 8192 10513 2369 3134 9093 5179 2172
1 3196 12647 9525 6770 2682 10360 3085 1385
1 7270 3247 986 1059 5237 9505 4858 3745
1 37436 59015 40824 7563 6409 4628 2667 2663
1 6068 13789 4122 4822 4574 6312 2312 2587
1 75705 44462 1673 2921 2327 1186 1008 1282
2 17600 11285 3807 12633 3050 5807 4277 3982
2 37971 12820 6954 2285 8593 6216 11933 5144
2 12067 29738 3726 3864 3047 18170 5763 5426
2 86644 30221 20018 6203 4924 3036 2636 1499
2 67522 10018 9167 1513 6397 2594 4065 1781
2 4932 21621 2767 14870 7171 8049 7030 2230
2 7176 19360 7370 4533 5286 8059 4061 2385
2 3350 8655 5990 5023 11338 11065 1999 4902
2 3770 13904 13796 8155 7412 3068 6062 1967
2 5121 3628 4650 10212 7037 6464 4716 2672
2 2138 4314 11645 3840 4434 11525 2911 6762
0 10830 13839 58168 15346 3265 22513 15299 11638
0 4514 7296 11133 4434 15830 17590 10289 5933
0 19462 26116 6142 15703 11329 18548 8558 7135
0 5528 12977 16852 24948 12194 8032 8600 6594
0 7640 22654 6225 2086 13002 18136 14287 9294
0 2809 4784 4593 1406 5623 20708 7814 4979
0 3274 7250 17551 19203 5590 18887 21408 3771
0 2172 16773 4850 12625 16821 6193 4751 3372
0 6050 13628 32061 11149 15326 9102 4408 5752
0 8248 4586 11064 8782 6658 11984 4161 10186
1 6258 8037 33912 23899 1586 10657 5250 5727
1 36827 61873 37513 17520 12820 10130 7870 6209
1 13356 4791 261 23435 2842 5572 3084 6088
1 2396 4585 1051 28343 2897 15831 2499 4530
1 4626 9952 6386 4038 6011 11783 5751 3232
1 9838 13414 6537 3680 7383 5642 3550 6560
1 853 21541 4667 10820 2335 8932 5955 2443
1 9077 22063 1872 6058 3890 4903 4305 1706
1 6500 24295 28689 6831 8051 14396 6344 5059
1 8760 5713 7545 24893 13806 5506 8702 2626
2 10533 16621 448 5918 10705 12893 12925 14889
2 16633 21067 9952 4702 17869 24096 6240 5891
2 2148 18284 9442 2315 7485 14718 12939 8538
2 5061 28794 21178 9817 7717 14044 15582 5039
2 13084 9900 6318 3489 9539 19402 7047 8109
2 3720 20599 6670 8819 11129 10794 3944 7839
2 13731 14052 11786 5430 4545 21949 6927 5794
2 5270 14519 1869 8527 2823 14459 5334 5077
2 11607 11050 17658 4338 7492 33634 16109 9382
2 8480 5861 3832 4724 10307 27322 10521 8861
0 4817 18346 9923 13708 8181 12697 9993 5903
0 9726 48747 7151 5529 6073 21411 11365 9720
0 63955 7893 948 1628 6408 5083 4859 2464
0 20637 16407 19760 11843 15776 31058 22374 9876
0 4112 11544 3532 38114 9114 26531 12390 5445
0 86955 18676 7828 8886 9909 22148 12609 8355
0 8500 4579 10637 8305 7005 23624 25574 12784
0 39844 9672 16807 10944 16594 10835 10480 4137
0 4233 21851 5524 10190 7789 23931 10691 11658
0 13348 4986 5631 7655 5616 23442 10693 6872
1 56512 36960 455 4498 2644 3188 1096 1695
1 176573 32563 25825 3889 7760 12157 5504 6829
1 10141 7114 9791 5184 6819 10713 3688 4208
1 22760 14159 5666 407 2159 738 1560 1758
1 43645 8555 1568 16660 7116 12032 4313 6190
1 70317 95224 11939 7964 13576 12301 3772 4916
1 78886 42860 19466 12420 18648 9033 7082 6271
1 3391 12865 981 9454 10875 10802 1067 2063
1 6573 22925 6241 5254 4203 4917 12275 7465
1 34115 34125 12212 6591 1870 2996 877 569
2 16547 36950 12058 10711 8290 13997 5156 3224
2 10080 36583 5967 7528 1822 3796 8536 4747
2 2871 28340 8559 6658 5325 11263 5008 3868
2 1854 12287 13232 6744 4048 13934 3229 4112
2 28370 7246 8489 1787 4477 11722 7469 3499
2 14256 8661 19897 14225 5856 6677 3853 5099
2 81527 134204 8786 20923 2748 11092 3864 7110
2 69846 14155 3881 2051 838 2809 1106 2088
2 5802 6008 4816 3674 6923 28500 6508 7208
2 4254 13537 3502 8334 4282 5102 4342 5471
0 157993 87493 8113 911 6843 1936 1864 1274
0 24940 8947 13572 8575 3751 12485 7580 4956
0 2339 19220 3907 4484 7271 9100 4988 5146
0 14856 11998 10276 8765 7581 10796 6629 3219
0 6157 14877 3063 4238 5408 14945 8335 4553
0 9155 5290 4033 8485 13465 12627 5543 5724
0 4153 7020 14579 14735 16969 14046 9164 2739
0 7389 8806 7193 8245 1638 16971 2494 4566
0 60463 19210 10480 12492 6835 6373 1587 2366
0 18410 54476 23280 7347 21515 34662 3284 5697
1 29027 9701 23514 1203 7576 22202 3590 4346
1 63991 39995 646 1580 1433 2455 1516 779
1 14360 9731 3683 1963 2889 2753 2098 1473
1 192754 44850 19126 5175 4678 2136 1545 2016
1 31107 918 3364 2560 5818 5511 8546 4505
1 93552 76382 49948 31285 5951 11238 2934 7160
1 60987 21350 7003 9478 15766 4438 9257 10778
1 3673 28339 22879 21917 11255 10973 3378 9131
1 503200 162313 37076 7670 11011 16063 3634 3676
1 45286 15503 8979 2699 2758 2248 702 559
2 21265 53022 25119 18344 6702 3919 7214 3476
2 62488 26205 9313 4002 2830 4913 3161 640
2 13769 20531 8267 9513 4802 9779 4614 8004
2 4870 6934 9659 4940 5470 11144 5114 6909
2 10733 9353 11460 17583 5640 12365 8675 4086
2 4373 13176 2621 18162 4868 6586 5604 8557
2 36719 19071 3367 1638 3203 4224 1444 1059
2 8672 8255 32300 22683 14607 25230 6508 3773
2 2428 12412 17990 5102 6464 15352 6305 3892
2 15395 10965 7232 4940 11411 5053 3065 3854
0 1809 16716 4696 4094 7500 7674 4054 5073
0 8487 24077 6105 10892 3130 15542 4719 3416
0 12549 11381 2545 7366 4385 10023 2744 6940
0 6958 8605 11030 8574 6331 8968 3264 1421
0 10308 7587 4416 10875 8996 9428 8524 4679
0 21092 17570 11418 9025 9262 5480 3708 3955
0 8733 7909 5426 1598 9040 5733 17916 3236
0 5877 15439 11568 19711 6777 19327 4888 2121
0 12962 7097 1761 11623 9200 14663 3770 4120
0 7516 11472 8002 14504 6050 6830 10409 5686
1 40503 19425 5756 1373 978 2640 1525 1513
1 45715 9517 1692 2238 5161 2253 855 974
1 47403 9321 720 9397 4662 7324 4968 3555
1 51986 15710 1355 1832 1859 1659 925 621
1 4025 6232 3877 3426 7022 5102 5566 5374
1 37869 18149 8575 3223 1396 2265 1111 945
1 9973 11799 25847 26717 4610 6269 2555 1782
1 5226 13241 2198 21566 4312 4449 4430 3012
1 23892 45514 18299 43059 40046 11251 5469 2903
1 2582 10414 15436 59516 15448 11720 2907 4285
2 11228 7880 24531 6741 9305 6634 3899 2332
2 21579 13148 1623 10732 14992 8802 2395 2659
2 7054 7876 3572 12742 5242 2710 3428 7355
2 8846 19246 4427 5024 2072 8327 1434 4548
2 661391 55024 2312 9477 5278 5703 4364 2904
2 61340 26354 5510 2866 1896 3755 744 663
2 106260 116214 24768 39797 24751 14847 3952 2325
2 22004 18014 12992 12470 6136 12099 3250 5373
2 9121 27634 4601 22743 2782 8783 1987 2045
2 10967 20882 8610 772 7763 4929 2624 4218
0 6764 2395 4789 2573 2064 15764 2010 2806
0 5409 13079 5576 3860 10020 22371 1226 2030
0 7527 96389 34703 7158 12794 4074 2939 2764
0 96412 79388 19127 9962 1869 2505 1793 1439
0 36552 19966 6218 4472 5024 21978 6006 5298
0 16315 10252 5250 4873 8689 10899 5409 2572
0 33488 9629 3715 10400 3340 19814 8308 5185
0 6592 6451 13272 8013 2319 19370 6941 8073
0 4443 16208 3893 13673 8710 10419 4807 2481
0 7442 16458 7608 8033 11113 3868 3095 5052
1 23267 12878 522 1885 3092 1692 746 821
1 184552 55413 8480 10029 21933 6765 4342 2390
1 50335 27701 950 2506 1711 1002 588 500
1 119532 34194 1148 897 1667 2469 775 612
1 209303 82803 27551 12993 14698 5635 4316 3044
1 82391 44716 10052 4563 1359 1253 385 562
1 416511 99330 47448 21784 10988 3105 1902 2247
1 393690 37346 4942 8950 2764 3909 1373 490
1 43396 18135 10187 8142 1813 8370 3467 2157
1 2276 13858 9928 6234 2685 8777 2692 2546
2 17590 8324 7308 9770 5163 20983 2836 2897
2 5428 24434 5557 11771 22091 6049 1566 3800
2 7704 9386 2009 21466 1873 3648 1480 2559
2 6677 23866 2082 6849 9754 13388 1601 4408
2 8381 18132 27523 1527 4000 5130 2604 1841
2 48136 43523 1086 1576 2029 1576 425 381
2 72733 20578 5086 5704 5548 5933 2333 3105
2 13319 8161 11940 20563 6751 4759 4193 2772
2 1450 22020 20595 6546 2303 3359 3490 2808
2 12206 9740 6266 12304 2725 7275 3134 2308
0 6385 10163 6542 20171 9139 9230 6558 2956
0 11691 22454 5406 13621 5996 9569 3873 2834
0 9763 18287 3236 3317 3107 5639 3879 3252
0 75075 31215 2683 2110 3065 2174 892 525
0 12290 17289 8903 28899 7937 8142 2719 3249
0 12473 8895 6784 5835 11023 8722 3667 5882
0 3653 9243 4034 4420 9683 6456 4355 2588
0 7918 34242 2950 17267 6220 5541 3055 1749
0 2741 10108 3904 10154 7217 4734 2529 5054
0 4825 14122 4658 19267 5041 9595 1677 3944
1 7953 12902 8138 6370 3907 8938 1940 2176
1 16401 1033 7103 8244 15207 3926 4776 1949
1 8221 1654 9544 7811 5991 2872 2473 1666
1 114472 43141 7831 10541 3663 7287 4386 1373
1 8495 12467 4389 9583 8090 5801 1751 1411
1 2552 7224 20093 19458 9985 8052 2285 1730
1 76765 28383 5794 5361 1091 1535 494 307
1 98174 46461 8842 1671 2255 1166 574 516
1 68182 15631 3349 4654 1546 588 744 341
1 24108 17544 5130 10506 5794 8145 2046 1274
2 11875 19583 11126 5214 5059 16756 7303 2454
2 8773 9112 10888 7868 6385 9412 2208 1504
2 15889 25224 32282 17146 9115 5139 2102 2424
2 6996 90565 12995 10076 12391 4306 2592 2461
2 17628 10279 8132 6298 11755 10684 2023 2157
2 11509 24041 4834 30331 6402 7961 2424 1966
2 189460 268917 21047 2533 6483 8720 2163 2230
2 15919 26525 7763 10672 6986 2028 1680 3947
2 39693 14139 9719 9194 5336 6515 2351 2887
2 12184 15062 30218 11701 6514 5788 3924 3209
0 35261 9200 11894 28925 6476 10075 7960 3703
0 102387 36638 18114 24951 18214 9917 3140 2322
0 33068 7995 4448 5004 5235 1831 593 1610
0 29687 16216 9625 13391 14501 6475 4203 6122
0 32094 4831 9453 6537 12145 4804 2858 1966
0 54949 11160 16077 2174 15513 4999 3516 1380
0 67519 24859 27068 21011 9931 8494 1166 3379
0 118918 11908 18064 9209 10082 14650 1782 2387
0 761760 6388 3367 4270 6807 2244 1284 1615
0 114804 26070 17371 3819 9993 10642 6057 4235
1 326080 98018 13974 7988 8647 5177 4788 5311
1 804921 14230 10556 6573 8652 2713 1070 1984
1 112428 10957 870 4728 999 1215 1107 643
1 122913 20166 4935 2978 1603 2908 523 965
1 42386 35936 6330 16503 5305 9900 4318 1425
1 108406 37277 11854 15961 5633 3196 3925 9410
1 110452 56651 64906 26679 20599 7194 3316 2440
1 22587 19424 11206 19617 5359 3731 2225 2922
1 54964 23844 22695 20707 11990 6293 4717 1645
1 197966 44042 20787 4216 19345 8106 9389 6815
2 36444 13007 2864 6695 5120 5810 5011 4951
2 17341 15624 2243 5036 7173 11085 1822 2205
2 10790 32847 8483 15914 5915 13552 4393 1447
2 169826 30914 10196 15072 3529 8023 1955 1982
2 42314 17737 10401 1978 1692 6301 1437 693
2 28288 36108 11493 5649 19831 7299 2490 2140
2 33888 16126 13578 6870 1873 3121 2121 3620
2 25722 17946 3342 8083 8530 5855 6326 2395
2 41901 13473 4231 3531 5495 6282 2601 1151
2 27701 23198 4421 9025 4600 10204 5350 5042
0 133652 13590 4385 8978 6622 4293 6418 6523
0 214800 13540 15609 23397 14967 6964 10410 11748
0 38312 9374 9577 4675 5935 9307 7757 5790
0 188690 191547 102504 81798 79072 19014 16560 21567
0 131401 32624 1652 10445 26908 12967 13573 7226
0 23529 46147 5470 14164 8159 8420 4413 3195
0 86945 24058 6692 7493 6900 9337 10508 5503
0 195005 29266 14993 1996 7251 3111 5169 6672
0 14618 5203 4444 8866 439 2078 2722 1895
0 34846 30636 14165 15330 9130 27242 10299 4577
1 74853 36715 3834 5558 1608 1532 934 1123
1 56822 22151 5062 30426 20416 9350 10249 3662
1 36984 11706 3299 1896 12611 2962 2627 2228
1 457582 104665 39920 16698 41120 5196 8761 7226
1 61720 18383 9275 16664 17087 10527 10836 9576
1 38592 51091 8947 6826 3103 3863 1751 1675
1 20299 8498 3802 1096 3016 4895 1124 787
1 29724 4792 11084 9116 8859 6388 8387 4618
1 74231 83852 32860 9705 6940 9802 2608 8379
1 88091 31485 17512 20958 10875 9879 9511 5211
2 129714 59659 1240 14970 5743 19672 7450 6648
2 27658 26627 2429 7290 16586 14532 9458 10343
2 20439 27693 5769 7234 7898 8374 2991 2358
2 56937 9577 5408 3201 12332 5355 2328 3976
2 588960 99871 29196 15660 3808 6951 3390 7298
2 25778 50863 15057 5902 4907 10421 1844 2166
2 107990 11190 11921 10441 14756 3681 6421 1995
2 29840 13980 21940 19366 8586 4598 4330 2553
2 13687 9503 7269 10437 2048 6423 2622 1118
2 47113 5689 27713 4157 5540 7133 2734 2407
0 404937 8034 2087 2080 4451 1651 1839 1694
0 40735 57280 24970 3345 14048 10362 9602 7065
0 28566 16225 5275 4146 946 2407 1092 1763
0 11297 27864 13922 11288 5428 10234 6552 5334
0 47165 16702 8977 19912 23357 11479 10351 5441
0 54023 12622 21513 8397 10715 9164 7597 4460
0 62191 19816 3517 22060 12090 5827 4601 6339
0 24076 59042 28259 15394 9486 14607 7054 3236
0 31696 58644 26732 23286 10194 4019 10921 5976
0 18182 45112 25557 7751 4726 11103 11506 6436
1 268284 76376 30608 15018 6642 6482 4620 1512
1 150783 25838 3199 12912 10697 6413 4778 3569
1 134188 33516 4380 1637 3308 2491 1076 728
1 16930 21710 35508 18261 5775 9904 1313 6999
1 111282 46375 29275 19967 11097 5817 1770 1470
1 62704 5510 2155 2010 5083 5962 1820 2131
1 24375 28539 11702 9359 5376 6394 2885 2717
1 43296 61261 11567 32154 3047 9191 1953 4406
1 398365 195416 50529 85884 12713 12188 2803 1383
1 48997 15529 4638 15854 20882 4905 4158 1278
2 43251 6358 5765 10004 18146 6856 1506 1722
2 34851 5790 7019 22742 13358 6877 2085 1562
2 20826 10946 14413 2669 3145 4164 1518 2394
2 49289 13241 4834 25226 4687 8769 1869 2248
2 33224 11296 7285 13620 16115 4858 3138 1497
2 26012 12796 5000 8452 10802 5758 1892 3564
2 35092 21451 4482 8835 3405 6004 2691 2411
2 21721 2793 3582 32181 7337 5951 11868 9715
2 94383 20666 1916 3599 3748 1173 330 615
2 15758 24075 12813 2995 8681 7141 2423 3509
0 13302 35513 55199 42217 10028 10427 5639 2447
0 27517 7908 12010 10690 7126 6197 3130 4128
0 26861 6752 3908 23180 18531 5003 3290 3469
0 6358 21933 16348 46631 6994 4231 2282 3784
0 14411 13516 9631 7000 5142 3965 5175 3047
0 50180 21971 1749 23105 16431 12227 2455 4257
0 5779 5083 3145 7131 11977 10209 4614 2934
0 5195 6395 13527 26088 9644 6181 3454 3659
0 14022 25281 7823 1173 15381 7012 2352 1885
0 16971 2476 2892 20761 9627 4852 4453 1787
1 5185 12032 8798 9888 6071 8143 2244 2374
1 89395 21668 402 2274 1885 1620 386 746
1 22865 4877 7340 10877 3121 4559 2165 3077
1 22107 24888 31708 19397 2613 7580 3713 1140
1 15686 16748 4151 7865 4520 11304 3211 915
1 89478 23155 4166 2991 1258 1129 1072 776
1 8155 47064 13198 15031 23663 3549 4655 1976
1 34445 15811 19042 19476 9295 21538 14788 4139
1 77802 13971 5895 7022 2379 1469 1168 427
1 67454 6274 8455 9299 5414 2545 1035 893
2 10095 13470 12138 7215 6126 4873 2081 3626
2 27753 27593 6054 4237 11777 17160 2542 1970
2 7269 17643 2194 11593 3601 4466 3362 2716
2 6189 9205 18130 35924 9139 9585 3549 2313
2 64089 15620 11246 11332 7528 7806 1974 6656
2 57556 7710 9886 10343 8147 2719 6207 1948
2 22974 13025 25156 5476 4942 7740 3565 3098
2 35596 23533 4897 11539 6168 8138 2334 2667
2 22097 26126 2839 19880 11324 8753 3232 3305
2 9541 22681 19492 2946 8425 4312 2051 3490
