31556 22513 4549 10850 27051 30316 16988 9211
165326 20239 15251 1669 6393 6301 2224 3799
141562 26730 20720 16167 43722 30391 23096 24082
76410 36042 391 10968 4031 9288 3004 4882
151282 22683 14314 5953 5331 6806 7555 3396
91433 16425 2748 1205 10596 7932 5971 4150
886055 20962 45132 13861 12633 28720 19849 18760
124330 8257 5040 1159 3225 6965 3989 2479
97871 14230 3839 9296 1584 5872 2449 2901
9087 45098 17726 4778 17551 45873 12121 20190
40144 20343 1104 14062 24954 13774 7435 16024
26379 12951 22932 7510 10957 24184 12432 5570
29836 66369 23318 4978 14250 15535 6446 11248
25821 27820 11693 2748 11240 15720 8038 20183
58463 19366 7283 16119 33933 21756 12548 14032
37643 86090 22490 17186 11824 19855 17321 7303
520088 14900 1969 15515 5068 34005 13306 11417
67139 34034 5456 28397 10451 30281 10821 5298
35991 15609 17468 13225 18515 24282 5995 4112
8649 22195 12375 6330 22741 12608 14571 9847
