363923 53860 5226 5093 12801 7512 15293 7553
29871 35392 17861 42421 13036 52054 14469 14822
42428 25883 7899 10759 8911 11403 14009 11748
35045 33771 38146 15409 15204 9863 8897 18504
36753 12360 1677 21384 15093 30567 13218 16267
84636 11038 2256 2712 1735 5923 1746 2389
53407 26070 13128 8873 12243 14259 11436 13966
32243 5472 29905 7833 6172 35996 19718 24652
15567 19502 7899 9884 10611 16498 8398 9375
27560 17485 14670 9270 9500 8708 32446 11550
6968 23860 4655 14472 11237 34787 9797 12688
1817 25556 16812 8558 21407 23282 4964 11674
134134 11460 2620 2655 9140 17112 9747 7197
15433 6110 1714 2173 1942 3649 3006 1287
46243 12549 22841 28074 14400 10006 21481 19204
38955 46518 22869 12216 9648 16504 6688 2622
6851 8067 36334 6384 25299 13482 4032 8847
33235 22570 8608 10460 9995 23969 4348 8929
5504 5242 4763 2328 1602 7366 1601 3237
24289 35913 12274 11359 15259 13670 14345 4614
