40332 17241 5110 1605 2715 2173 5528 6005
279246 5904 10585 2782 11692 19258 10216 7360
98459 6347 4278 6345 8531 44358 9841 9648
335757 32855 5140 2026 1870 4767 1123 4475
7731 15556 20676 15225 4960 15257 14560 11031
121133 6246 4597 7228 9997 13525 10122 8618
29615 10941 2707 769 2534 6691 2400 1864
25236 8755 21916 32003 10059 25125 18071 6579
27097 24677 14301 14438 9377 16348 8501 19655
7671 19986 10794 4191 6881 20618 7566 7888
29889 21746 18068 9234 12890 20682 14904 7739
6900 20456 20380 11835 7260 13181 13902 15343
6837 13453 15348 6080 13777 28882 7487 5087
31490 25393 11885 4207 10020 19134 4936 7549
12910 4952 22415 10285 12078 21819 7063 11101
55476 16049 11978 11739 7411 17722 10115 5883
13968 4925 3759 1204 5740 3362 3382 3304
14269 18390 7172 15565 6596 28616 12951 3274
47676 3165 9929 5869 2834 16036 6763 8190
11001 14831 10089 4805 9840 16708 5843 4270
