416212 13434 10317 24895 15987 20121 18653 10189
67507 20694 2031 2009 2868 5628 1608 2663
63965 26237 1162 21040 11550 12285 11126 6964
47844 34143 16666 8457 4378 9764 9903 8052
5697 8107 28127 12489 12084 8894 7335 3348
47256 33385 9832 6548 15462 14105 12642 3262
8113 27030 29270 11830 675 15451 6489 9826
63984 28911 18125 7089 5635 11619 6618 4257
37183 48884 17709 21058 27452 24546 4910 3427
56664 5265 44964 13955 11443 20287 5349 9239
22966 12383 41408 8570 7869 11372 4320 3232
69100 34398 1571 8230 1684 2480 1592 1200
98198 12658 14008 9549 4727 6641 4870 4852
11519 17653 868 14059 7267 10635 6084 4856
13381 7345 11997 10802 7875 7364 8258 10860
28189 19530 25485 3984 16721 19582 8210 4923
18457 14227 18723 8161 3200 15418 3863 13429
53047 56810 7802 25027 11140 8413 4822 7353
113526 40078 3304 10004 23805 12462 4109 6030
31894 17631 12903 21168 9932 13049 4890 4550
