163169 76730 49856 11457 13501 22144 35489 14933
339345 7223 5771 2408 2419 5677 8007 3182
158632 20427 1343 2576 6779 4290 3005 1630
770119 13285 18183 11392 8616 12566 7761 7279
145315 14683 2682 4062 14749 13791 12387 8171
12620 21056 8405 20323 18414 20398 6817 11664
19364 17507 9652 6635 6183 23137 8514 21121
50293 18410 23946 78440 15563 24638 13501 24861
11898 9179 10519 17361 12304 29198 13107 17222
13219 4463 4869 4476 15573 5501 7814 3720
9958 28085 5548 6868 16640 19262 2947 13845
21965 27681 24413 14011 6784 18397 8939 8107
96620 32724 4407 1847 14813 11546 6925 4707
27497 5671 32337 2134 11989 17755 6304 5609
27503 13374 7810 13804 4305 12536 5899 6016
60228 25906 5575 14377 9171 5728 4100 8199
12964 11980 31595 19982 11929 7481 2959 6928
32188 47017 14322 3966 9514 10887 4762 5319
66855 18223 5497 26366 6239 27202 6999 8641
27929 26226 9194 11127 6385 10617 4176 5622
