27655 12742 21074 18085 8356 29190 12092 10416
842196 44358 35086 22426 15825 23730 22375 10270
33711 15410 31817 13737 23810 29916 24641 11810
16247 39066 9256 4461 8190 23198 15881 7773
13391 8510 26631 8394 15017 17465 6885 4763
50419 33184 6921 21129 8168 26880 16647 8968
390125 74024 20210 4941 14611 9412 13476 4786
33213 18116 915 12728 3338 3934 2645 984
8543 21103 14036 12732 6906 28240 7259 4218
11962 43814 4431 7342 25152 22892 8430 5277
56058 40084 7490 3356 5968 14719 6068 5706
183292 12284 3349 5695 6756 2882 1475 2322
77839 50608 17858 40033 17850 15660 8699 2475
58000 43071 7580 53713 11713 9214 4054 6337
23397 9283 9315 4022 9998 18646 4560 7918
13816 16153 13934 3763 2865 11106 4930 2764
104523 7784 11468 3952 11697 15004 8440 7627
24430 29299 23752 8335 7206 13906 5214 9683
36263 10072 13077 9330 12871 12788 4628 10683
16767 17305 15215 11254 6421 17195 7375 4157
